Italy, Period fertility rates by calendar year, age reached during the year (ARDY) and birth cohort (vertical parallelograms)
Last modified: 10/05/2022
Year    ARDY   Cohort        ASFR
1954     12-    1942+     0.00000
1954     13     1941      0.00005
1954     14     1940      0.00034
1954     15     1939      0.00116
1954     16     1938      0.00359
1954     17     1937      0.00877
1954     18     1936      0.01836
1954     19     1935      0.03274
1954     20     1934      0.05236
1954     21     1933      0.07459
1954     22     1932      0.09629
1954     23     1931      0.11745
1954     24     1930      0.13369
1954     25     1929      0.14123
1954     26     1928      0.14682
1954     27     1927      0.14887
1954     28     1926      0.14441
1954     29     1925      0.13824
1954     30     1924      0.13244
1954     31     1923      0.12403
1954     32     1922      0.11392
1954     33     1921      0.10611
1954     34     1920      0.09756
1954     35     1919      0.09089
1954     36     1918      0.08305
1954     37     1917      0.07355
1954     38     1916      0.06513
1954     39     1915      0.05639
1954     40     1914      0.04672
1954     41     1913      0.03808
1954     42     1912      0.02964
1954     43     1911      0.02106
1954     44     1910      0.01398
1954     45     1909      0.00823
1954     46     1908      0.00432
1954     47     1907      0.00194
1954     48     1906      0.00082
1954     49     1905      0.00034
1954     50     1904      0.00013
1954     51     1903      0.00006
1954     52     1902      0.00003
1954     53     1901      0.00001
1954     54     1900      0.00000
1954     55+    1899-     0.00000
1955     12-    1943+     0.00000
1955     13     1942      0.00004
1955     14     1941      0.00034
1955     15     1940      0.00123
1955     16     1939      0.00377
1955     17     1938      0.00912
1955     18     1937      0.01867
1955     19     1936      0.03318
1955     20     1935      0.05260
1955     21     1934      0.07536
1955     22     1933      0.09843
1955     23     1932      0.11743
1955     24     1931      0.13205
1955     25     1930      0.14337
1955     26     1929      0.14664
1955     27     1928      0.14689
1955     28     1927      0.14589
1955     29     1926      0.13886
1955     30     1925      0.13105
1955     31     1924      0.12331
1955     32     1923      0.11376
1955     33     1922      0.10384
1955     34     1921      0.09570
1955     35     1920      0.08729
1955     36     1919      0.08086
1955     37     1918      0.07282
1955     38     1917      0.06290
1955     39     1916      0.05464
1955     40     1915      0.04581
1955     41     1914      0.03671
1955     42     1913      0.02825
1955     43     1912      0.02013
1955     44     1911      0.01291
1955     45     1910      0.00779
1955     46     1909      0.00401
1955     47     1908      0.00178
1955     48     1907      0.00068
1955     49     1906      0.00028
1955     50     1905      0.00013
1955     51     1904      0.00006
1955     52     1903      0.00003
1955     53     1902      0.00001
1955     54     1901      0.00001
1955     55+    1900-     0.00000
1956     12-    1944+     0.00000
1956     13     1943      0.00007
1956     14     1942      0.00040
1956     15     1941      0.00132
1956     16     1940      0.00409
1956     17     1939      0.00951
1956     18     1938      0.01901
1956     19     1937      0.03362
1956     20     1936      0.05366
1956     21     1935      0.07697
1956     22     1934      0.10103
1956     23     1933      0.12147
1956     24     1932      0.13554
1956     25     1931      0.14571
1956     26     1930      0.15113
1956     27     1929      0.14811
1956     28     1928      0.14356
1956     29     1927      0.13868
1956     30     1926      0.13170
1956     31     1925      0.12227
1956     32     1924      0.11331
1956     33     1923      0.10416
1956     34     1922      0.09358
1956     35     1921      0.08585
1956     36     1920      0.07786
1956     37     1919      0.07052
1956     38     1918      0.06202
1956     39     1917      0.05285
1956     40     1916      0.04452
1956     41     1915      0.03541
1956     42     1914      0.02714
1956     43     1913      0.01966
1956     44     1912      0.01260
1956     45     1911      0.00734
1956     46     1910      0.00396
1956     47     1909      0.00182
1956     48     1908      0.00072
1956     49     1907      0.00027
1956     50     1906      0.00010
1956     51     1905      0.00004
1956     52     1904      0.00002
1956     53     1903      0.00001
1956     54     1902      0.00000
1956     55+    1901-     0.00000
1957     12-    1945+     0.00000
1957     13     1944      0.00006
1957     14     1943      0.00040
1957     15     1942      0.00137
1957     16     1941      0.00416
1957     17     1940      0.00947
1957     18     1939      0.01920
1957     19     1938      0.03331
1957     20     1937      0.05225
1957     21     1936      0.07618
1957     22     1935      0.10120
1957     23     1934      0.12271
1957     24     1933      0.13784
1957     25     1932      0.14760
1957     26     1931      0.15208
1957     27     1930      0.15107
1957     28     1929      0.14526
1957     29     1928      0.13910
1957     30     1927      0.13249
1957     31     1926      0.12327
1957     32     1925      0.11328
1957     33     1924      0.10410
1957     34     1923      0.09460
1957     35     1922      0.08433
1957     36     1921      0.07620
1957     37     1920      0.06761
1957     38     1919      0.06030
1957     39     1918      0.05233
1957     40     1917      0.04285
1957     41     1916      0.03398
1957     42     1915      0.02597
1957     43     1914      0.01859
1957     44     1913      0.01206
1957     45     1912      0.00711
1957     46     1911      0.00357
1957     47     1910      0.00164
1957     48     1909      0.00068
1957     49     1908      0.00027
1957     50     1907      0.00020
1957     51     1906      0.00018
1957     52     1905      0.00010
1957     53     1904      0.00004
1957     54     1903      0.00001
1957     55+    1902-     0.00000
1958     12-    1946+     0.00000
1958     13     1945      0.00007
1958     14     1944      0.00043
1958     15     1943      0.00123
1958     16     1942      0.00381
1958     17     1941      0.00942
1958     18     1940      0.01854
1958     19     1939      0.03271
1958     20     1938      0.05158
1958     21     1937      0.07351
1958     22     1936      0.09895
1958     23     1935      0.12245
1958     24     1934      0.13970
1958     25     1933      0.14918
1958     26     1932      0.15199
1958     27     1931      0.15235
1958     28     1930      0.14960
1958     29     1929      0.14002
1958     30     1928      0.13093
1958     31     1927      0.12282
1958     32     1926      0.11281
1958     33     1925      0.10286
1958     34     1924      0.09346
1958     35     1923      0.08380
1958     36     1922      0.07385
1958     37     1921      0.06573
1958     38     1920      0.05680
1958     39     1919      0.04964
1958     40     1918      0.04191
1958     41     1917      0.03306
1958     42     1916      0.02481
1958     43     1915      0.01742
1958     44     1914      0.01111
1958     45     1913      0.00657
1958     46     1912      0.00341
1958     47     1911      0.00156
1958     48     1910      0.00066
1958     49     1909      0.00024
1958     50     1908      0.00009
1958     51     1907      0.00004
1958     52     1906      0.00002
1958     53     1905      0.00001
1958     54     1904      0.00000
1958     55+    1903-     0.00000
1959     12-    1947+     0.00000
1959     13     1946      0.00005
1959     14     1945      0.00042
1959     15     1944      0.00150
1959     16     1943      0.00442
1959     17     1942      0.01016
1959     18     1941      0.01996
1959     19     1940      0.03450
1959     20     1939      0.05474
1959     21     1938      0.07742
1959     22     1937      0.10225
1959     23     1936      0.12644
1959     24     1935      0.14471
1959     25     1934      0.15665
1959     26     1933      0.16080
1959     27     1932      0.15846
1959     28     1931      0.15371
1959     29     1930      0.14697
1959     30     1929      0.13635
1959     31     1928      0.12575
1959     32     1927      0.11619
1959     33     1926      0.10458
1959     34     1925      0.09406
1959     35     1924      0.08548
1959     36     1923      0.07587
1959     37     1922      0.06590
1959     38     1921      0.05805
1959     39     1920      0.04968
1959     40     1919      0.04207
1959     41     1918      0.03338
1959     42     1917      0.02454
1959     43     1916      0.01706
1959     44     1915      0.01114
1959     45     1914      0.00652
1959     46     1913      0.00342
1959     47     1912      0.00163
1959     48     1911      0.00065
1959     49     1910      0.00030
1959     50     1909      0.00019
1959     51     1908      0.00011
1959     52     1907      0.00005
1959     53     1906      0.00002
1959     54     1905      0.00001
1959     55+    1904-     0.00000
1960     12-    1948+     0.00000
1960     13     1947      0.00007
1960     14     1946      0.00046
1960     15     1945      0.00160
1960     16     1944      0.00491
1960     17     1943      0.01088
1960     18     1942      0.02062
1960     19     1941      0.03571
1960     20     1940      0.05604
1960     21     1939      0.07965
1960     22     1938      0.10450
1960     23     1937      0.12715
1960     24     1936      0.14615
1960     25     1935      0.15881
1960     26     1934      0.16447
1960     27     1933      0.16335
1960     28     1932      0.15594
1960     29     1931      0.14960
1960     30     1930      0.14125
1960     31     1929      0.12744
1960     32     1928      0.11629
1960     33     1927      0.10660
1960     34     1926      0.09510
1960     35     1925      0.08559
1960     36     1924      0.07606
1960     37     1923      0.06567
1960     38     1922      0.05652
1960     39     1921      0.04873
1960     40     1920      0.04044
1960     41     1919      0.03316
1960     42     1918      0.02499
1960     43     1917      0.01732
1960     44     1916      0.01083
1960     45     1915      0.00643
1960     46     1914      0.00347
1960     47     1913      0.00169
1960     48     1912      0.00080
1960     49     1911      0.00036
1960     50     1910      0.00021
1960     51     1909      0.00013
1960     52     1908      0.00006
1960     53     1907      0.00003
1960     54     1906      0.00001
1960     55+    1905-     0.00000
1961     12-    1949+     0.00000
1961     13     1948      0.00010
1961     14     1947      0.00053
1961     15     1946      0.00157
1961     16     1945      0.00521
1961     17     1944      0.01191
1961     18     1943      0.02226
1961     19     1942      0.03626
1961     20     1941      0.05606
1961     21     1940      0.08163
1961     22     1939      0.10613
1961     23     1938      0.12843
1961     24     1937      0.14746
1961     25     1936      0.16042
1961     26     1935      0.16641
1961     27     1934      0.16461
1961     28     1933      0.15860
1961     29     1932      0.14818
1961     30     1931      0.14025
1961     31     1930      0.13194
1961     32     1929      0.11682
1961     33     1928      0.10460
1961     34     1927      0.09524
1961     35     1926      0.08531
1961     36     1925      0.07506
1961     37     1924      0.06563
1961     38     1923      0.05564
1961     39     1922      0.04575
1961     40     1921      0.03862
1961     41     1920      0.03017
1961     42     1919      0.02327
1961     43     1918      0.01687
1961     44     1917      0.01076
1961     45     1916      0.00609
1961     46     1915      0.00311
1961     47     1914      0.00150
1961     48     1913      0.00073
1961     49     1912      0.00036
1961     50     1911      0.00021
1961     51     1910      0.00014
1961     52     1909      0.00007
1961     53     1908      0.00003
1961     54     1907      0.00001
1961     55+    1906-     0.00000
1962     12-    1950+     0.00000
1962     13     1949      0.00003
1962     14     1948      0.00028
1962     15     1947      0.00119
1962     16     1946      0.00463
1962     17     1945      0.01246
1962     18     1944      0.02315
1962     19     1943      0.03820
1962     20     1942      0.05809
1962     21     1941      0.08301
1962     22     1940      0.10915
1962     23     1939      0.13298
1962     24     1938      0.15156
1962     25     1937      0.16267
1962     26     1936      0.16801
1962     27     1935      0.16862
1962     28     1934      0.16280
1962     29     1933      0.15334
1962     30     1932      0.14304
1962     31     1931      0.13439
1962     32     1930      0.12388
1962     33     1929      0.10828
1962     34     1928      0.09673
1962     35     1927      0.08691
1962     36     1926      0.07562
1962     37     1925      0.06638
1962     38     1924      0.05731
1962     39     1923      0.04756
1962     40     1922      0.03820
1962     41     1921      0.03031
1962     42     1920      0.02303
1962     43     1919      0.01682
1962     44     1918      0.01069
1962     45     1917      0.00625
1962     46     1916      0.00321
1962     47     1915      0.00151
1962     48     1914      0.00062
1962     49     1913      0.00029
1962     50     1912      0.00020
1962     51     1911      0.00013
1962     52     1910      0.00007
1962     53     1909      0.00003
1962     54     1908      0.00001
1962     55+    1907-     0.00000
1963     12-    1951+     0.00000
1963     13     1950      0.00011
1963     14     1949      0.00065
1963     15     1948      0.00197
1963     16     1947      0.00589
1963     17     1946      0.01321
1963     18     1945      0.02541
1963     19     1944      0.04222
1963     20     1943      0.06395
1963     21     1942      0.08897
1963     22     1941      0.11467
1963     23     1940      0.13986
1963     24     1939      0.15828
1963     25     1938      0.17081
1963     26     1937      0.17600
1963     27     1936      0.17346
1963     28     1935      0.16855
1963     29     1934      0.15951
1963     30     1933      0.14935
1963     31     1932      0.13585
1963     32     1931      0.12383
1963     33     1930      0.11239
1963     34     1929      0.09838
1963     35     1928      0.08827
1963     36     1927      0.07772
1963     37     1926      0.06657
1963     38     1925      0.05673
1963     39     1924      0.04726
1963     40     1923      0.03863
1963     41     1922      0.02967
1963     42     1921      0.02201
1963     43     1920      0.01529
1963     44     1919      0.01021
1963     45     1918      0.00567
1963     46     1917      0.00280
1963     47     1916      0.00128
1963     48     1915      0.00055
1963     49     1914      0.00028
1963     50     1913      0.00015
1963     51     1912      0.00007
1963     52     1911      0.00004
1963     53     1910      0.00002
1963     54     1909      0.00001
1963     55+    1908-     0.00000
1964     12-    1952+     0.00000
1964     13     1951      0.00006
1964     14     1950      0.00040
1964     15     1949      0.00158
1964     16     1948      0.00637
1964     17     1947      0.01617
1964     18     1946      0.02891
1964     19     1945      0.04746
1964     20     1944      0.07212
1964     21     1943      0.09994
1964     22     1942      0.12483
1964     23     1941      0.14850
1964     24     1940      0.16861
1964     25     1939      0.18129
1964     26     1938      0.18525
1964     27     1937      0.18135
1964     28     1936      0.17439
1964     29     1935      0.16579
1964     30     1934      0.15616
1964     31     1933      0.14478
1964     32     1932      0.13102
1964     33     1931      0.11745
1964     34     1930      0.10507
1964     35     1929      0.09260
1964     36     1928      0.08131
1964     37     1927      0.07056
1964     38     1926      0.05914
1964     39     1925      0.04923
1964     40     1924      0.04033
1964     41     1923      0.03126
1964     42     1922      0.02264
1964     43     1921      0.01549
1964     44     1920      0.00976
1964     45     1919      0.00602
1964     46     1918      0.00321
1964     47     1917      0.00145
1964     48     1916      0.00051
1964     49     1915      0.00021
1964     50     1914      0.00015
1964     51     1913      0.00012
1964     52     1912      0.00006
1964     53     1911      0.00003
1964     54     1910      0.00001
1964     55+    1909-     0.00000
1965     12-    1953+     0.00000
1965     13     1952      0.00008
1965     14     1951      0.00053
1965     15     1950      0.00183
1965     16     1949      0.00674
1965     17     1948      0.01569
1965     18     1947      0.02941
1965     19     1946      0.04941
1965     20     1945      0.07350
1965     21     1944      0.10207
1965     22     1943      0.12985
1965     23     1942      0.15155
1965     24     1941      0.16725
1965     25     1940      0.17831
1965     26     1939      0.18258
1965     27     1938      0.17933
1965     28     1937      0.17121
1965     29     1936      0.15957
1965     30     1935      0.15001
1965     31     1934      0.13982
1965     32     1933      0.12721
1965     33     1932      0.11406
1965     34     1931      0.10194
1965     35     1930      0.09103
1965     36     1929      0.07903
1965     37     1928      0.06793
1965     38     1927      0.05738
1965     39     1926      0.04767
1965     40     1925      0.03886
1965     41     1924      0.02988
1965     42     1923      0.02170
1965     43     1922      0.01517
1965     44     1921      0.00974
1965     45     1920      0.00563
1965     46     1919      0.00331
1965     47     1918      0.00171
1965     48     1917      0.00079
1965     49     1916      0.00046
1965     50     1915      0.00026
1965     51     1914      0.00010
1965     52     1913      0.00005
1965     53     1912      0.00002
1965     54     1911      0.00001
1965     55+    1910-     0.00000
1966     12-    1954+     0.00000
1966     13     1953      0.00007
1966     14     1952      0.00050
1966     15     1951      0.00181
1966     16     1950      0.00620
1966     17     1949      0.01505
1966     18     1948      0.02833
1966     19     1947      0.04851
1966     20     1946      0.07409
1966     21     1945      0.10101
1966     22     1944      0.12854
1966     23     1943      0.15313
1966     24     1942      0.16667
1966     25     1941      0.17451
1966     26     1940      0.17878
1966     27     1939      0.17463
1966     28     1938      0.16625
1966     29     1937      0.15564
1966     30     1936      0.14592
1966     31     1935      0.13642
1966     32     1934      0.12404
1966     33     1933      0.11261
1966     34     1932      0.10103
1966     35     1931      0.09004
1966     36     1930      0.07935
1966     37     1929      0.06740
1966     38     1928      0.05711
1966     39     1927      0.04769
1966     40     1926      0.03813
1966     41     1925      0.02917
1966     42     1924      0.02108
1966     43     1923      0.01460
1966     44     1922      0.00935
1966     45     1921      0.00579
1966     46     1920      0.00307
1966     47     1919      0.00161
1966     48     1918      0.00080
1966     49     1917      0.00053
1966     50     1916      0.00021
1966     51     1915      0.00005
1966     52     1914      0.00002
1966     53     1913      0.00001
1966     54     1912      0.00000
1966     55+    1911-     0.00000
1967     12-    1955+     0.00000
1967     13     1954      0.00007
1967     14     1953      0.00053
1967     15     1952      0.00170
1967     16     1951      0.00588
1967     17     1950      0.01473
1967     18     1949      0.02751
1967     19     1948      0.04690
1967     20     1947      0.07473
1967     21     1946      0.10320
1967     22     1945      0.12733
1967     23     1944      0.15006
1967     24     1943      0.16557
1967     25     1942      0.17060
1967     26     1941      0.17265
1967     27     1940      0.17006
1967     28     1939      0.16015
1967     29     1938      0.15027
1967     30     1937      0.14106
1967     31     1936      0.12855
1967     32     1935      0.11631
1967     33     1934      0.10645
1967     34     1933      0.09595
1967     35     1932      0.08401
1967     36     1931      0.07398
1967     37     1930      0.06429
1967     38     1929      0.05338
1967     39     1928      0.04388
1967     40     1927      0.03575
1967     41     1926      0.02762
1967     42     1925      0.01996
1967     43     1924      0.01385
1967     44     1923      0.00866
1967     45     1922      0.00490
1967     46     1921      0.00268
1967     47     1920      0.00126
1967     48     1919      0.00051
1967     49     1918      0.00027
1967     50     1917      0.00020
1967     51     1916      0.00010
1967     52     1915      0.00005
1967     53     1914      0.00002
1967     54     1913      0.00001
1967     55+    1912-     0.00000
1968     12-    1956+     0.00000
1968     13     1955      0.00012
1968     14     1954      0.00077
1968     15     1953      0.00236
1968     16     1952      0.00664
1968     17     1951      0.01513
1968     18     1950      0.02840
1968     19     1949      0.04689
1968     20     1948      0.07265
1968     21     1947      0.10340
1968     22     1946      0.13125
1968     23     1945      0.15011
1968     24     1944      0.16236
1968     25     1943      0.17023
1968     26     1942      0.17068
1968     27     1941      0.16681
1968     28     1940      0.15856
1968     29     1939      0.14645
1968     30     1938      0.13677
1968     31     1937      0.12509
1968     32     1936      0.11173
1968     33     1935      0.10152
1968     34     1934      0.09216
1968     35     1933      0.08275
1968     36     1932      0.07175
1968     37     1931      0.06187
1968     38     1930      0.05241
1968     39     1929      0.04258
1968     40     1928      0.03449
1968     41     1927      0.02636
1968     42     1926      0.01923
1968     43     1925      0.01321
1968     44     1924      0.00808
1968     45     1923      0.00466
1968     46     1922      0.00231
1968     47     1921      0.00110
1968     48     1920      0.00054
1968     49     1919      0.00027
1968     50     1918      0.00016
1968     51     1917      0.00010
1968     52     1916      0.00005
1968     53     1915      0.00002
1968     54     1914      0.00001
1968     55+    1913-     0.00000
1969     12-    1957+     0.00000
1969     13     1956      0.00007
1969     14     1955      0.00060
1969     15     1954      0.00220
1969     16     1953      0.00662
1969     17     1952      0.01497
1969     18     1951      0.02836
1969     19     1950      0.04755
1969     20     1949      0.07240
1969     21     1948      0.10047
1969     22     1947      0.13004
1969     23     1946      0.15467
1969     24     1945      0.16438
1969     25     1944      0.17022
1969     26     1943      0.17440
1969     27     1942      0.16816
1969     28     1941      0.15687
1969     29     1940      0.14681
1969     30     1939      0.13658
1969     31     1938      0.12592
1969     32     1937      0.11331
1969     33     1936      0.10115
1969     34     1935      0.09157
1969     35     1934      0.08269
1969     36     1933      0.07317
1969     37     1932      0.06294
1969     38     1931      0.05318
1969     39     1930      0.04388
1969     40     1929      0.03469
1969     41     1928      0.02674
1969     42     1927      0.01980
1969     43     1926      0.01321
1969     44     1925      0.00835
1969     45     1924      0.00481
1969     46     1923      0.00251
1969     47     1922      0.00118
1969     48     1921      0.00049
1969     49     1920      0.00023
1969     50     1919      0.00012
1969     51     1918      0.00006
1969     52     1917      0.00003
1969     53     1916      0.00001
1969     54     1915      0.00001
1969     55+    1914-     0.00000
1970     12-    1958+     0.00000
1970     13     1957      0.00006
1970     14     1956      0.00060
1970     15     1955      0.00240
1970     16     1954      0.00740
1970     17     1953      0.01639
1970     18     1952      0.03017
1970     19     1951      0.05005
1970     20     1950      0.07368
1970     21     1949      0.10037
1970     22     1948      0.12678
1970     23     1947      0.15055
1970     24     1946      0.16657
1970     25     1945      0.16864
1970     26     1944      0.16587
1970     27     1943      0.16475
1970     28     1942      0.15570
1970     29     1941      0.14155
1970     30     1940      0.13030
1970     31     1939      0.11817
1970     32     1938      0.10596
1970     33     1937      0.09520
1970     34     1936      0.08448
1970     35     1935      0.07561
1970     36     1934      0.06717
1970     37     1933      0.05886
1970     38     1932      0.04983
1970     39     1931      0.04048
1970     40     1930      0.03267
1970     41     1929      0.02497
1970     42     1928      0.01816
1970     43     1927      0.01234
1970     44     1926      0.00770
1970     45     1925      0.00436
1970     46     1924      0.00236
1970     47     1923      0.00120
1970     48     1922      0.00044
1970     49     1921      0.00020
1970     50     1920      0.00010
1970     51     1919      0.00004
1970     52     1918      0.00002
1970     53     1917      0.00001
1970     54     1916      0.00000
1970     55+    1915-     0.00000
1971     12-    1959+     0.00000
1971     13     1958      0.00008
1971     14     1957      0.00070
1971     15     1956      0.00259
1971     16     1955      0.00792
1971     17     1954      0.01756
1971     18     1953      0.03217
1971     19     1952      0.05185
1971     20     1951      0.07515
1971     21     1950      0.10171
1971     22     1949      0.12745
1971     23     1948      0.14829
1971     24     1947      0.16424
1971     25     1946      0.17291
1971     26     1945      0.16833
1971     27     1944      0.16090
1971     28     1943      0.15504
1971     29     1942      0.14345
1971     30     1941      0.12873
1971     31     1940      0.11688
1971     32     1939      0.10475
1971     33     1938      0.09294
1971     34     1937      0.08167
1971     35     1936      0.07163
1971     36     1935      0.06391
1971     37     1934      0.05584
1971     38     1933      0.04805
1971     39     1932      0.03987
1971     40     1931      0.03199
1971     41     1930      0.02472
1971     42     1929      0.01742
1971     43     1928      0.01182
1971     44     1927      0.00756
1971     45     1926      0.00422
1971     46     1925      0.00224
1971     47     1924      0.00105
1971     48     1923      0.00047
1971     49     1922      0.00025
1971     50     1921      0.00010
1971     51     1920      0.00003
1971     52     1919      0.00002
1971     53     1918      0.00001
1971     54     1917      0.00000
1971     55+    1916-     0.00000
1972     12-    1960+     0.00000
1972     13     1959      0.00013
1972     14     1958      0.00088
1972     15     1957      0.00274
1972     16     1956      0.00833
1972     17     1955      0.01906
1972     18     1954      0.03450
1972     19     1953      0.05532
1972     20     1952      0.07994
1972     21     1951      0.10442
1972     22     1950      0.12804
1972     23     1949      0.14745
1972     24     1948      0.15981
1972     25     1947      0.16761
1972     26     1946      0.16967
1972     27     1945      0.16047
1972     28     1944      0.14862
1972     29     1943      0.13914
1972     30     1942      0.12664
1972     31     1941      0.11261
1972     32     1940      0.09972
1972     33     1939      0.08749
1972     34     1938      0.07719
1972     35     1937      0.06847
1972     36     1936      0.05899
1972     37     1935      0.05119
1972     38     1934      0.04470
1972     39     1933      0.03740
1972     40     1932      0.02989
1972     41     1931      0.02288
1972     42     1930      0.01671
1972     43     1929      0.01122
1972     44     1928      0.00699
1972     45     1927      0.00397
1972     46     1926      0.00201
1972     47     1925      0.00097
1972     48     1924      0.00042
1972     49     1923      0.00017
1972     50     1922      0.00008
1972     51     1921      0.00005
1972     52     1920      0.00003
1972     53     1919      0.00001
1972     54     1918      0.00001
1972     55+    1917-     0.00000
1973     12-    1961+     0.00000
1973     13     1960      0.00005
1973     14     1959      0.00068
1973     15     1958      0.00292
1973     16     1957      0.00848
1973     17     1956      0.01941
1973     18     1955      0.03560
1973     19     1954      0.05726
1973     20     1953      0.08267
1973     21     1952      0.10801
1973     22     1951      0.13080
1973     23     1950      0.14833
1973     24     1949      0.15902
1973     25     1948      0.16448
1973     26     1947      0.16525
1973     27     1946      0.16130
1973     28     1945      0.14899
1973     29     1944      0.13468
1973     30     1943      0.12481
1973     31     1942      0.11228
1973     32     1941      0.09737
1973     33     1940      0.08627
1973     34     1939      0.07600
1973     35     1938      0.06588
1973     36     1937      0.05711
1973     37     1936      0.04914
1973     38     1935      0.04204
1973     39     1934      0.03486
1973     40     1933      0.02852
1973     41     1932      0.02247
1973     42     1931      0.01625
1973     43     1930      0.01100
1973     44     1929      0.00651
1973     45     1928      0.00357
1973     46     1927      0.00190
1973     47     1926      0.00088
1973     48     1925      0.00040
1973     49     1924      0.00015
1973     50     1923      0.00008
1973     51     1922      0.00008
1973     52     1921      0.00005
1973     53     1920      0.00002
1973     54     1919      0.00001
1973     55+    1918-     0.00000
1974     12-    1962+     0.00000
1974     13     1961      0.00006
1974     14     1960      0.00071
1974     15     1959      0.00324
1974     16     1958      0.00940
1974     17     1957      0.02086
1974     18     1956      0.03834
1974     19     1955      0.06057
1974     20     1954      0.08566
1974     21     1953      0.11037
1974     22     1952      0.13239
1974     23     1951      0.14869
1974     24     1950      0.15914
1974     25     1949      0.16298
1974     26     1948      0.16229
1974     27     1947      0.15865
1974     28     1946      0.14978
1974     29     1945      0.13516
1974     30     1944      0.12117
1974     31     1943      0.10987
1974     32     1942      0.09740
1974     33     1941      0.08400
1974     34     1940      0.07333
1974     35     1939      0.06410
1974     36     1938      0.05515
1974     37     1937      0.04746
1974     38     1936      0.04040
1974     39     1935      0.03341
1974     40     1934      0.02722
1974     41     1933      0.02186
1974     42     1932      0.01603
1974     43     1931      0.01081
1974     44     1930      0.00685
1974     45     1929      0.00375
1974     46     1928      0.00185
1974     47     1927      0.00089
1974     48     1926      0.00037
1974     49     1925      0.00014
1974     50     1924      0.00010
1974     51     1923      0.00009
1974     52     1922      0.00005
1974     53     1921      0.00002
1974     54     1920      0.00001
1974     55+    1919-     0.00000
1975     12-    1963+     0.00000
1975     13     1962      0.00003
1975     14     1961      0.00056
1975     15     1960      0.00303
1975     16     1959      0.00946
1975     17     1958      0.02116
1975     18     1957      0.03746
1975     19     1956      0.05913
1975     20     1955      0.08438
1975     21     1954      0.10932
1975     22     1953      0.12976
1975     23     1952      0.14402
1975     24     1951      0.15158
1975     25     1950      0.15543
1975     26     1949      0.15427
1975     27     1948      0.14820
1975     28     1947      0.13945
1975     29     1946      0.12886
1975     30     1945      0.11445
1975     31     1944      0.10100
1975     32     1943      0.09050
1975     33     1942      0.07860
1975     34     1941      0.06737
1975     35     1940      0.05918
1975     36     1939      0.05115
1975     37     1938      0.04329
1975     38     1937      0.03640
1975     39     1936      0.03016
1975     40     1935      0.02463
1975     41     1934      0.01943
1975     42     1933      0.01435
1975     43     1932      0.00963
1975     44     1931      0.00618
1975     45     1930      0.00369
1975     46     1929      0.00183
1975     47     1928      0.00077
1975     48     1927      0.00028
1975     49     1926      0.00010
1975     50     1925      0.00007
1975     51     1924      0.00006
1975     52     1923      0.00003
1975     53     1922      0.00002
1975     54     1921      0.00001
1975     55+    1920-     0.00000
1976     12-    1964+     0.00000
1976     13     1963      0.00000
1976     14     1962      0.00006
1976     15     1961      0.00172
1976     16     1960      0.00789
1976     17     1959      0.02099
1976     18     1958      0.03631
1976     19     1957      0.05833
1976     20     1956      0.08440
1976     21     1955      0.10768
1976     22     1954      0.12549
1976     23     1953      0.13778
1976     24     1952      0.14512
1976     25     1951      0.14836
1976     26     1950      0.14753
1976     27     1949      0.14140
1976     28     1948      0.13281
1976     29     1947      0.12249
1976     30     1946      0.11073
1976     31     1945      0.09689
1976     32     1944      0.08458
1976     33     1943      0.07521
1976     34     1942      0.06538
1976     35     1941      0.05511
1976     36     1940      0.04706
1976     37     1939      0.04009
1976     38     1938      0.03325
1976     39     1937      0.02764
1976     40     1936      0.02210
1976     41     1935      0.01714
1976     42     1934      0.01302
1976     43     1933      0.00904
1976     44     1932      0.00551
1976     45     1931      0.00322
1976     46     1930      0.00183
1976     47     1929      0.00078
1976     48     1928      0.00026
1976     49     1927      0.00010
1976     50     1926      0.00009
1976     51     1925      0.00010
1976     52     1924      0.00006
1976     53     1923      0.00003
1976     54     1922      0.00001
1976     55+    1921-     0.00000
1977     12-    1965+     0.00000
1977     13     1964      0.00000
1977     14     1963      0.00003
1977     15     1962      0.00035
1977     16     1961      0.00477
1977     17     1960      0.01778
1977     18     1959      0.03069
1977     19     1958      0.05299
1977     20     1957      0.07888
1977     21     1956      0.10081
1977     22     1955      0.11968
1977     23     1954      0.13226
1977     24     1953      0.13854
1977     25     1952      0.14182
1977     26     1951      0.14091
1977     27     1950      0.13480
1977     28     1949      0.12523
1977     29     1948      0.11495
1977     30     1947      0.10419
1977     31     1946      0.09382
1977     32     1945      0.08119
1977     33     1944      0.06882
1977     34     1943      0.05950
1977     35     1942      0.05161
1977     36     1941      0.04304
1977     37     1940      0.03593
1977     38     1939      0.02991
1977     39     1938      0.02432
1977     40     1937      0.01919
1977     41     1936      0.01476
1977     42     1935      0.01097
1977     43     1934      0.00752
1977     44     1933      0.00491
1977     45     1932      0.00292
1977     46     1931      0.00157
1977     47     1930      0.00080
1977     48     1929      0.00033
1977     49     1928      0.00012
1977     50     1927      0.00009
1977     51     1926      0.00008
1977     52     1925      0.00004
1977     53     1924      0.00002
1977     54     1923      0.00001
1977     55+    1922-     0.00000
1978     12-    1966+     0.00000
1978     13     1965      0.00002
1978     14     1964      0.00009
1978     15     1963      0.00037
1978     16     1962      0.00425
1978     17     1961      0.01651
1978     18     1960      0.02729
1978     19     1959      0.04851
1978     20     1958      0.07446
1978     21     1957      0.09372
1978     22     1956      0.11160
1978     23     1955      0.12476
1978     24     1954      0.13392
1978     25     1953      0.13624
1978     26     1952      0.13441
1978     27     1951      0.12908
1978     28     1950      0.12107
1978     29     1949      0.11067
1978     30     1948      0.09962
1978     31     1947      0.08882
1978     32     1946      0.07830
1978     33     1945      0.06651
1978     34     1944      0.05590
1978     35     1943      0.04833
1978     36     1942      0.04084
1978     37     1941      0.03301
1978     38     1940      0.02744
1978     39     1939      0.02244
1978     40     1938      0.01751
1978     41     1937      0.01336
1978     42     1936      0.00957
1978     43     1935      0.00664
1978     44     1934      0.00435
1978     45     1933      0.00250
1978     46     1932      0.00129
1978     47     1931      0.00071
1978     48     1930      0.00033
1978     49     1929      0.00011
1978     50     1928      0.00007
1978     51     1927      0.00006
1978     52     1926      0.00004
1978     53     1925      0.00002
1978     54     1924      0.00001
1978     55+    1923-     0.00000
1979     12-    1967+     0.00000
1979     13     1966      0.00003
1979     14     1965      0.00014
1979     15     1964      0.00035
1979     16     1963      0.00372
1979     17     1962      0.01476
1979     18     1961      0.02405
1979     19     1960      0.04499
1979     20     1959      0.06993
1979     21     1958      0.08705
1979     22     1957      0.10491
1979     23     1956      0.11780
1979     24     1955      0.12546
1979     25     1954      0.12944
1979     26     1953      0.12923
1979     27     1952      0.12333
1979     28     1951      0.11597
1979     29     1950      0.10825
1979     30     1949      0.09582
1979     31     1948      0.08352
1979     32     1947      0.07264
1979     33     1946      0.06325
1979     34     1945      0.05318
1979     35     1944      0.04462
1979     36     1943      0.03809
1979     37     1942      0.03119
1979     38     1941      0.02471
1979     39     1940      0.01994
1979     40     1939      0.01508
1979     41     1938      0.01125
1979     42     1937      0.00812
1979     43     1936      0.00516
1979     44     1935      0.00336
1979     45     1934      0.00211
1979     46     1933      0.00111
1979     47     1932      0.00064
1979     48     1931      0.00029
1979     49     1930      0.00012
1979     50     1929      0.00008
1979     51     1928      0.00005
1979     52     1927      0.00003
1979     53     1926      0.00001
1979     54     1925      0.00000
1979     55+    1924-     0.00000
1980     12-    1968+     0.00000
1980     13     1967      0.00003
1980     14     1966      0.00013
1980     15     1965      0.00030
1980     16     1964      0.00288
1980     17     1963      0.01271
1980     18     1962      0.02204
1980     19     1961      0.04115
1980     20     1960      0.06620
1980     21     1959      0.08250
1980     22     1958      0.09781
1980     23     1957      0.11123
1980     24     1956      0.12007
1980     25     1955      0.12482
1980     26     1954      0.12521
1980     27     1953      0.12049
1980     28     1952      0.11184
1980     29     1951      0.10287
1980     30     1950      0.09448
1980     31     1949      0.08284
1980     32     1948      0.07081
1980     33     1947      0.06053
1980     34     1946      0.05179
1980     35     1945      0.04338
1980     36     1944      0.03567
1980     37     1943      0.02911
1980     38     1942      0.02324
1980     39     1941      0.01840
1980     40     1940      0.01436
1980     41     1939      0.01042
1980     42     1938      0.00713
1980     43     1937      0.00469
1980     44     1936      0.00282
1980     45     1935      0.00162
1980     46     1934      0.00090
1980     47     1933      0.00048
1980     48     1932      0.00023
1980     49     1931      0.00012
1980     50     1930      0.00008
1980     51     1929      0.00005
1980     52     1928      0.00003
1980     53     1927      0.00001
1980     54     1926      0.00000
1980     55+    1925-     0.00000
1981     12-    1969+     0.00000
1981     13     1968      0.00000
1981     14     1967      0.00001
1981     15     1966      0.00022
1981     16     1965      0.00251
1981     17     1964      0.01059
1981     18     1963      0.01877
1981     19     1962      0.03642
1981     20     1961      0.05851
1981     21     1960      0.07516
1981     22     1959      0.09115
1981     23     1958      0.10347
1981     24     1957      0.11198
1981     25     1956      0.11646
1981     26     1955      0.11788
1981     27     1954      0.11563
1981     28     1953      0.10849
1981     29     1952      0.09934
1981     30     1951      0.09057
1981     31     1950      0.08053
1981     32     1949      0.06931
1981     33     1948      0.05852
1981     34     1947      0.04937
1981     35     1946      0.04128
1981     36     1945      0.03439
1981     37     1944      0.02814
1981     38     1943      0.02219
1981     39     1942      0.01740
1981     40     1941      0.01306
1981     41     1940      0.00930
1981     42     1939      0.00653
1981     43     1938      0.00432
1981     44     1937      0.00261
1981     45     1936      0.00148
1981     46     1935      0.00079
1981     47     1934      0.00041
1981     48     1933      0.00020
1981     49     1932      0.00011
1981     50     1931      0.00006
1981     51     1930      0.00003
1981     52     1929      0.00001
1981     53     1928      0.00001
1981     54     1927      0.00000
1981     55+    1926-     0.00000
1982     12-    1970+     0.00000
1982     13     1969      0.00002
1982     14     1968      0.00005
1982     15     1967      0.00013
1982     16     1966      0.00226
1982     17     1965      0.01065
1982     18     1964      0.01793
1982     19     1963      0.03397
1982     20     1962      0.05570
1982     21     1961      0.07332
1982     22     1960      0.08984
1982     23     1959      0.10264
1982     24     1958      0.11188
1982     25     1957      0.11757
1982     26     1956      0.11822
1982     27     1955      0.11570
1982     28     1954      0.11051
1982     29     1953      0.10167
1982     30     1952      0.09277
1982     31     1951      0.08273
1982     32     1950      0.07102
1982     33     1949      0.06010
1982     34     1948      0.05048
1982     35     1947      0.04171
1982     36     1946      0.03493
1982     37     1945      0.02817
1982     38     1944      0.02198
1982     39     1943      0.01728
1982     40     1942      0.01318
1982     41     1941      0.00914
1982     42     1940      0.00617
1982     43     1939      0.00400
1982     44     1938      0.00230
1982     45     1937      0.00128
1982     46     1936      0.00075
1982     47     1935      0.00038
1982     48     1934      0.00019
1982     49     1933      0.00009
1982     50     1932      0.00007
1982     51     1931      0.00009
1982     52     1930      0.00006
1982     53     1929      0.00002
1982     54     1928      0.00001
1982     55+    1927-     0.00000
1983     12-    1971+     0.00000
1983     13     1970      0.00000
1983     14     1969      0.00002
1983     15     1968      0.00009
1983     16     1967      0.00177
1983     17     1966      0.00927
1983     18     1965      0.01570
1983     19     1964      0.02994
1983     20     1963      0.04979
1983     21     1962      0.06675
1983     22     1961      0.08343
1983     23     1960      0.09702
1983     24     1959      0.10672
1983     25     1958      0.11213
1983     26     1957      0.11389
1983     27     1956      0.11199
1983     28     1955      0.10658
1983     29     1954      0.10001
1983     30     1953      0.09105
1983     31     1952      0.08069
1983     32     1951      0.07055
1983     33     1950      0.06033
1983     34     1949      0.05039
1983     35     1948      0.04210
1983     36     1947      0.03410
1983     37     1946      0.02751
1983     38     1945      0.02185
1983     39     1944      0.01675
1983     40     1943      0.01232
1983     41     1942      0.00862
1983     42     1941      0.00587
1983     43     1940      0.00384
1983     44     1939      0.00226
1983     45     1938      0.00117
1983     46     1937      0.00061
1983     47     1936      0.00030
1983     48     1935      0.00013
1983     49     1934      0.00007
1983     50     1933      0.00007
1983     51     1932      0.00008
1983     52     1931      0.00005
1983     53     1930      0.00002
1983     54     1929      0.00001
1983     55+    1928-     0.00000
1984     12-    1972+     0.00000
1984     13     1971      0.00000
1984     14     1970      0.00000
1984     15     1969      0.00009
1984     16     1968      0.00179
1984     17     1967      0.00830
1984     18     1966      0.01390
1984     19     1965      0.02715
1984     20     1964      0.04486
1984     21     1963      0.06058
1984     22     1962      0.07635
1984     23     1961      0.09001
1984     24     1960      0.10134
1984     25     1959      0.10777
1984     26     1958      0.11004
1984     27     1957      0.10934
1984     28     1956      0.10499
1984     29     1955      0.09833
1984     30     1954      0.08998
1984     31     1953      0.08022
1984     32     1952      0.07011
1984     33     1951      0.06016
1984     34     1950      0.05126
1984     35     1949      0.04242
1984     36     1948      0.03438
1984     37     1947      0.02705
1984     38     1946      0.02118
1984     39     1945      0.01650
1984     40     1944      0.01208
1984     41     1943      0.00845
1984     42     1942      0.00569
1984     43     1941      0.00359
1984     44     1940      0.00209
1984     45     1939      0.00116
1984     46     1938      0.00056
1984     47     1937      0.00027
1984     48     1936      0.00014
1984     49     1935      0.00007
1984     50     1934      0.00006
1984     51     1933      0.00006
1984     52     1932      0.00003
1984     53     1931      0.00002
1984     54     1930      0.00001
1984     55+    1929-     0.00000
1985     12-    1973+     0.00000
1985     13     1972      0.00000
1985     14     1971      0.00002
1985     15     1970      0.00008
1985     16     1969      0.00134
1985     17     1968      0.00615
1985     18     1967      0.01187
1985     19     1966      0.02522
1985     20     1965      0.04048
1985     21     1964      0.05466
1985     22     1963      0.07058
1985     23     1962      0.08513
1985     24     1961      0.09627
1985     25     1960      0.10512
1985     26     1959      0.10878
1985     27     1958      0.10832
1985     28     1957      0.10443
1985     29     1956      0.09841
1985     30     1955      0.09022
1985     31     1954      0.08088
1985     32     1953      0.07124
1985     33     1952      0.06089
1985     34     1951      0.05152
1985     35     1950      0.04320
1985     36     1949      0.03494
1985     37     1948      0.02719
1985     38     1947      0.02091
1985     39     1946      0.01616
1985     40     1945      0.01203
1985     41     1944      0.00834
1985     42     1943      0.00552
1985     43     1942      0.00357
1985     44     1941      0.00206
1985     45     1940      0.00114
1985     46     1939      0.00057
1985     47     1938      0.00023
1985     48     1937      0.00011
1985     49     1936      0.00007
1985     50     1935      0.00004
1985     51     1934      0.00002
1985     52     1933      0.00001
1985     53     1932      0.00000
1985     54     1931      0.00000
1985     55+    1930-     0.00000
1986     12-    1974+     0.00000
1986     13     1973      0.00000
1986     14     1972      0.00003
1986     15     1971      0.00010
1986     16     1970      0.00115
1986     17     1969      0.00422
1986     18     1968      0.00920
1986     19     1967      0.02313
1986     20     1966      0.03664
1986     21     1965      0.04915
1986     22     1964      0.06299
1986     23     1963      0.07668
1986     24     1962      0.08838
1986     25     1961      0.09794
1986     26     1960      0.10331
1986     27     1959      0.10365
1986     28     1958      0.10063
1986     29     1957      0.09486
1986     30     1956      0.08818
1986     31     1955      0.07967
1986     32     1954      0.06928
1986     33     1953      0.05918
1986     34     1952      0.05109
1986     35     1951      0.04275
1986     36     1950      0.03447
1986     37     1949      0.02664
1986     38     1948      0.02030
1986     39     1947      0.01517
1986     40     1946      0.01120
1986     41     1945      0.00797
1986     42     1944      0.00533
1986     43     1943      0.00337
1986     44     1942      0.00187
1986     45     1941      0.00100
1986     46     1940      0.00053
1986     47     1939      0.00026
1986     48     1938      0.00012
1986     49     1937      0.00007
1986     50     1936      0.00002
1986     51     1935      0.00000
1986     52     1934      0.00000
1986     53     1933      0.00000
1986     54     1932      0.00000
1986     55+    1931-     0.00000
1987     12-    1975+     0.00000
1987     13     1974      0.00000
1987     14     1973      0.00002
1987     15     1972      0.00009
1987     16     1971      0.00121
1987     17     1970      0.00485
1987     18     1969      0.00867
1987     19     1968      0.02049
1987     20     1967      0.03427
1987     21     1966      0.04512
1987     22     1965      0.05784
1987     23     1964      0.07175
1987     24     1963      0.08464
1987     25     1962      0.09462
1987     26     1961      0.09993
1987     27     1960      0.10227
1987     28     1959      0.10006
1987     29     1958      0.09510
1987     30     1957      0.08890
1987     31     1956      0.08003
1987     32     1955      0.07013
1987     33     1954      0.06072
1987     34     1953      0.05217
1987     35     1952      0.04367
1987     36     1951      0.03549
1987     37     1950      0.02848
1987     38     1949      0.02173
1987     39     1948      0.01583
1987     40     1947      0.01134
1987     41     1946      0.00816
1987     42     1945      0.00546
1987     43     1944      0.00333
1987     44     1943      0.00191
1987     45     1942      0.00101
1987     46     1941      0.00054
1987     47     1940      0.00029
1987     48     1939      0.00011
1987     49     1938      0.00005
1987     50     1937      0.00003
1987     51     1936      0.00002
1987     52     1935      0.00001
1987     53     1934      0.00001
1987     54     1933      0.00000
1987     55+    1932-     0.00000
1988     12-    1976+     0.00000
1988     13     1975      0.00001
1988     14     1974      0.00003
1988     15     1973      0.00007
1988     16     1972      0.00125
1988     17     1971      0.00626
1988     18     1970      0.01027
1988     19     1969      0.01889
1988     20     1968      0.03092
1988     21     1967      0.04215
1988     22     1966      0.05476
1988     23     1965      0.06824
1988     24     1964      0.08158
1988     25     1963      0.09295
1988     26     1962      0.10104
1988     27     1961      0.10459
1988     28     1960      0.10415
1988     29     1959      0.09989
1988     30     1958      0.09313
1988     31     1957      0.08496
1988     32     1956      0.07525
1988     33     1955      0.06542
1988     34     1954      0.05603
1988     35     1953      0.04727
1988     36     1952      0.03875
1988     37     1951      0.03035
1988     38     1950      0.02331
1988     39     1949      0.01712
1988     40     1948      0.01221
1988     41     1947      0.00841
1988     42     1946      0.00563
1988     43     1945      0.00350
1988     44     1944      0.00194
1988     45     1943      0.00108
1988     46     1942      0.00055
1988     47     1941      0.00028
1988     48     1940      0.00015
1988     49     1939      0.00007
1988     50     1938      0.00003
1988     51     1937      0.00002
1988     52     1936      0.00001
1988     53     1935      0.00001
1988     54     1934      0.00000
1988     55+    1933-     0.00000
1989     12-    1977+     0.00000
1989     13     1976      0.00001
1989     14     1975      0.00003
1989     15     1974      0.00005
1989     16     1973      0.00115
1989     17     1972      0.00587
1989     18     1971      0.00954
1989     19     1970      0.01793
1989     20     1969      0.02883
1989     21     1968      0.03932
1989     22     1967      0.05134
1989     23     1966      0.06302
1989     24     1965      0.07524
1989     25     1964      0.08746
1989     26     1963      0.09684
1989     27     1962      0.10138
1989     28     1961      0.10215
1989     29     1960      0.09963
1989     30     1959      0.09337
1989     31     1958      0.08466
1989     32     1957      0.07473
1989     33     1956      0.06546
1989     34     1955      0.05623
1989     35     1954      0.04705
1989     36     1953      0.03869
1989     37     1952      0.03101
1989     38     1951      0.02374
1989     39     1950      0.01782
1989     40     1949      0.01245
1989     41     1948      0.00835
1989     42     1947      0.00524
1989     43     1946      0.00331
1989     44     1945      0.00204
1989     45     1944      0.00107
1989     46     1943      0.00057
1989     47     1942      0.00028
1989     48     1941      0.00013
1989     49     1940      0.00010
1989     50     1939      0.00003
1989     51     1938      0.00000
1989     52     1937      0.00000
1989     53     1936      0.00000
1989     54     1935      0.00000
1989     55+    1934-     0.00000
1990     12-    1978+     0.00000
1990     13     1977      0.00000
1990     14     1976      0.00001
1990     15     1975      0.00007
1990     16     1974      0.00124
1990     17     1973      0.00548
1990     18     1972      0.00899
1990     19     1971      0.01669
1990     20     1970      0.02698
1990     21     1969      0.03727
1990     22     1968      0.04932
1990     23     1967      0.06146
1990     24     1966      0.07321
1990     25     1965      0.08461
1990     26     1964      0.09480
1990     27     1963      0.10114
1990     28     1962      0.10299
1990     29     1961      0.10113
1990     30     1960      0.09640
1990     31     1959      0.08893
1990     32     1958      0.07918
1990     33     1957      0.06848
1990     34     1956      0.05831
1990     35     1955      0.04903
1990     36     1954      0.04046
1990     37     1953      0.03196
1990     38     1952      0.02485
1990     39     1951      0.01872
1990     40     1950      0.01358
1990     41     1949      0.00917
1990     42     1948      0.00580
1990     43     1947      0.00343
1990     44     1946      0.00203
1990     45     1945      0.00111
1990     46     1944      0.00056
1990     47     1943      0.00021
1990     48     1942      0.00004
1990     49     1941      0.00002
1990     50     1940      0.00000
1990     51     1939      0.00000
1990     52     1938      0.00000
1990     53     1937      0.00000
1990     54     1936      0.00000
1990     55+    1935-     0.00000
1991     12-    1979+     0.00000
1991     13     1978      0.00000
1991     14     1977      0.00001
1991     15     1976      0.00002
1991     16     1975      0.00089
1991     17     1974      0.00511
1991     18     1973      0.00825
1991     19     1972      0.01591
1991     20     1971      0.02522
1991     21     1970      0.03479
1991     22     1969      0.04575
1991     23     1968      0.05753
1991     24     1967      0.06957
1991     25     1966      0.08006
1991     26     1965      0.08931
1991     27     1964      0.09670
1991     28     1963      0.10010
1991     29     1962      0.09864
1991     30     1961      0.09494
1991     31     1960      0.08890
1991     32     1959      0.07918
1991     33     1958      0.06891
1991     34     1957      0.05925
1991     35     1956      0.04971
1991     36     1955      0.04089
1991     37     1954      0.03282
1991     38     1953      0.02511
1991     39     1952      0.01863
1991     40     1951      0.01326
1991     41     1950      0.00926
1991     42     1949      0.00592
1991     43     1948      0.00347
1991     44     1947      0.00198
1991     45     1946      0.00100
1991     46     1945      0.00041
1991     47     1944      0.00013
1991     48     1943      0.00003
1991     49     1942      0.00001
1991     50     1941      0.00000
1991     51     1940      0.00000
1991     52     1939      0.00000
1991     53     1938      0.00000
1991     54     1937      0.00000
1991     55+    1936-     0.00000
1992     12-    1980+     0.00000
1992     13     1979      0.00001
1992     14     1978      0.00002
1992     15     1977      0.00006
1992     16     1976      0.00118
1992     17     1975      0.00466
1992     18     1974      0.00710
1992     19     1973      0.01398
1992     20     1972      0.02301
1992     21     1971      0.03209
1992     22     1970      0.04272
1992     23     1969      0.05370
1992     24     1968      0.06589
1992     25     1967      0.07756
1992     26     1966      0.08738
1992     27     1965      0.09569
1992     28     1964      0.09962
1992     29     1963      0.09934
1992     30     1962      0.09651
1992     31     1961      0.09012
1992     32     1960      0.08075
1992     33     1959      0.07074
1992     34     1958      0.06104
1992     35     1957      0.05155
1992     36     1956      0.04246
1992     37     1955      0.03418
1992     38     1954      0.02647
1992     39     1953      0.01977
1992     40     1952      0.01431
1992     41     1951      0.01002
1992     42     1950      0.00660
1992     43     1949      0.00377
1992     44     1948      0.00202
1992     45     1947      0.00107
1992     46     1946      0.00065
1992     47     1945      0.00041
1992     48     1944      0.00016
1992     49     1943      0.00006
1992     50     1942      0.00004
1992     51     1941      0.00003
1992     52     1940      0.00002
1992     53     1939      0.00001
1992     54     1938      0.00000
1992     55+    1937-     0.00000
1993     12-    1981+     0.00000
1993     13     1980      0.00000
1993     14     1979      0.00002
1993     15     1978      0.00005
1993     16     1977      0.00098
1993     17     1976      0.00521
1993     18     1975      0.00808
1993     19     1974      0.01378
1993     20     1973      0.02122
1993     21     1972      0.02900
1993     22     1971      0.03833
1993     23     1970      0.04908
1993     24     1969      0.06068
1993     25     1968      0.07157
1993     26     1967      0.08178
1993     27     1966      0.08919
1993     28     1965      0.09336
1993     29     1964      0.09553
1993     30     1963      0.09416
1993     31     1962      0.08800
1993     32     1961      0.07924
1993     33     1960      0.06988
1993     34     1959      0.06016
1993     35     1958      0.05086
1993     36     1957      0.04228
1993     37     1956      0.03357
1993     38     1955      0.02579
1993     39     1954      0.01960
1993     40     1953      0.01411
1993     41     1952      0.00960
1993     42     1951      0.00606
1993     43     1950      0.00373
1993     44     1949      0.00204
1993     45     1948      0.00105
1993     46     1947      0.00048
1993     47     1946      0.00023
1993     48     1945      0.00012
1993     49     1944      0.00004
1993     50     1943      0.00002
1993     51     1942      0.00002
1993     52     1941      0.00002
1993     53     1940      0.00001
1993     54     1939      0.00000
1993     55+    1938-     0.00000
1994     12-    1982+     0.00000
1994     13     1981      0.00000
1994     14     1980      0.00000
1994     15     1979      0.00004
1994     16     1978      0.00111
1994     17     1977      0.00505
1994     18     1976      0.00748
1994     19     1975      0.01264
1994     20     1974      0.01908
1994     21     1973      0.02636
1994     22     1972      0.03457
1994     23     1971      0.04423
1994     24     1970      0.05524
1994     25     1969      0.06642
1994     26     1968      0.07658
1994     27     1967      0.08439
1994     28     1966      0.08999
1994     29     1965      0.09261
1994     30     1964      0.09200
1994     31     1963      0.08783
1994     32     1962      0.07947
1994     33     1961      0.07002
1994     34     1960      0.06097
1994     35     1959      0.05165
1994     36     1958      0.04264
1994     37     1957      0.03403
1994     38     1956      0.02634
1994     39     1955      0.01962
1994     40     1954      0.01416
1994     41     1953      0.00966
1994     42     1952      0.00631
1994     43     1951      0.00390
1994     44     1950      0.00217
1994     45     1949      0.00113
1994     46     1948      0.00053
1994     47     1947      0.00019
1994     48     1946      0.00007
1994     49     1945      0.00004
1994     50     1944      0.00004
1994     51     1943      0.00004
1994     52     1942      0.00002
1994     53     1941      0.00001
1994     54     1940      0.00000
1994     55+    1939-     0.00000
1995     12-    1983+     0.00000
1995     13     1982      0.00000
1995     14     1981      0.00001
1995     15     1980      0.00004
1995     16     1979      0.00105
1995     17     1978      0.00504
1995     18     1977      0.00719
1995     19     1976      0.01159
1995     20     1975      0.01737
1995     21     1974      0.02315
1995     22     1973      0.03064
1995     23     1972      0.03969
1995     24     1971      0.04991
1995     25     1970      0.06100
1995     26     1969      0.07129
1995     27     1968      0.08057
1995     28     1967      0.08736
1995     29     1966      0.09003
1995     30     1965      0.09059
1995     31     1964      0.08813
1995     32     1963      0.08164
1995     33     1962      0.07219
1995     34     1961      0.06300
1995     35     1960      0.05385
1995     36     1959      0.04420
1995     37     1958      0.03512
1995     38     1957      0.02705
1995     39     1956      0.02045
1995     40     1955      0.01487
1995     41     1954      0.01032
1995     42     1953      0.00662
1995     43     1952      0.00408
1995     44     1951      0.00252
1995     45     1950      0.00131
1995     46     1949      0.00050
1995     47     1948      0.00023
1995     48     1947      0.00010
1995     49     1946      0.00003
1995     50     1945      0.00001
1995     51     1944      0.00001
1995     52     1943      0.00000
1995     53     1942      0.00000
1995     54     1941      0.00000
1995     55+    1940-     0.00000
1996     12-    1984+     0.00000
1996     13     1983      0.00000
1996     14     1982      0.00000
1996     15     1981      0.00002
1996     16     1980      0.00098
1996     17     1979      0.00518
1996     18     1978      0.00718
1996     19     1977      0.01171
1996     20     1976      0.01729
1996     21     1975      0.02348
1996     22     1974      0.03038
1996     23     1973      0.03807
1996     24     1972      0.04788
1996     25     1971      0.05883
1996     26     1970      0.07020
1996     27     1969      0.08027
1996     28     1968      0.08745
1996     29     1967      0.09239
1996     30     1966      0.09395
1996     31     1965      0.09081
1996     32     1964      0.08472
1996     33     1963      0.07612
1996     34     1962      0.06603
1996     35     1961      0.05641
1996     36     1960      0.04695
1996     37     1959      0.03742
1996     38     1958      0.02888
1996     39     1957      0.02165
1996     40     1956      0.01551
1996     41     1955      0.01074
1996     42     1954      0.00707
1996     43     1953      0.00426
1996     44     1952      0.00240
1996     45     1951      0.00125
1996     46     1950      0.00062
1996     47     1949      0.00031
1996     48     1948      0.00013
1996     49     1947      0.00008
1996     50     1946      0.00002
1996     51     1945      0.00000
1996     52     1944      0.00000
1996     53     1943      0.00000
1996     54     1942      0.00000
1996     55+    1941-     0.00000
1997     12-    1985+     0.00000
1997     13     1984      0.00000
1997     14     1983      0.00000
1997     15     1982      0.00008
1997     16     1981      0.00108
1997     17     1980      0.00503
1997     18     1979      0.00723
1997     19     1978      0.01124
1997     20     1977      0.01686
1997     21     1976      0.02263
1997     22     1975      0.02909
1997     23     1974      0.03679
1997     24     1973      0.04608
1997     25     1972      0.05647
1997     26     1971      0.06782
1997     27     1970      0.07813
1997     28     1969      0.08576
1997     29     1968      0.09394
1997     30     1967      0.09647
1997     31     1966      0.09156
1997     32     1965      0.08580
1997     33     1964      0.07799
1997     34     1963      0.06900
1997     35     1962      0.05894
1997     36     1961      0.04900
1997     37     1960      0.03970
1997     38     1959      0.03054
1997     39     1958      0.02298
1997     40     1957      0.01673
1997     41     1956      0.01160
1997     42     1955      0.00773
1997     43     1954      0.00473
1997     44     1953      0.00267
1997     45     1952      0.00154
1997     46     1951      0.00076
1997     47     1950      0.00031
1997     48     1949      0.00010
1997     49     1948      0.00004
1997     50     1947      0.00002
1997     51     1946      0.00002
1997     52     1945      0.00001
1997     53     1944      0.00001
1997     54     1943      0.00000
1997     55+    1942-     0.00000
1998     12-    1986+     0.00000
1998     13     1985      0.00000
1998     14     1984      0.00000
1998     15     1983      0.00003
1998     16     1982      0.00099
1998     17     1981      0.00440
1998     18     1980      0.00665
1998     19     1979      0.01067
1998     20     1978      0.01557
1998     21     1977      0.02092
1998     22     1976      0.02785
1998     23     1975      0.03544
1998     24     1974      0.04476
1998     25     1973      0.05574
1998     26     1972      0.06566
1998     27     1971      0.07626
1998     28     1970      0.08605
1998     29     1969      0.09113
1998     30     1968      0.09367
1998     31     1967      0.09184
1998     32     1966      0.08560
1998     33     1965      0.07849
1998     34     1964      0.07030
1998     35     1963      0.06058
1998     36     1962      0.05040
1998     37     1961      0.04029
1998     38     1960      0.03123
1998     39     1959      0.02342
1998     40     1958      0.01694
1998     41     1957      0.01182
1998     42     1956      0.00785
1998     43     1955      0.00479
1998     44     1954      0.00241
1998     45     1953      0.00090
1998     46     1952      0.00036
1998     47     1951      0.00020
1998     48     1950      0.00009
1998     49     1949      0.00006
1998     50     1948      0.00005
1998     51     1947      0.00002
1998     52     1946      0.00001
1998     53     1945      0.00001
1998     54     1944      0.00000
1998     55+    1943-     0.00000
1999     12-    1987+     0.00000
1999     13     1986      0.00000
1999     14     1985      0.00000
1999     15     1984      0.00005
1999     16     1983      0.00108
1999     17     1982      0.00484
1999     18     1981      0.00754
1999     19     1980      0.01231
1999     20     1979      0.01756
1999     21     1978      0.02278
1999     22     1977      0.02903
1999     23     1976      0.03558
1999     24     1975      0.04324
1999     25     1974      0.05216
1999     26     1973      0.06241
1999     27     1972      0.07421
1999     28     1971      0.08345
1999     29     1970      0.08891
1999     30     1969      0.09260
1999     31     1968      0.09275
1999     32     1967      0.08874
1999     33     1966      0.08173
1999     34     1965      0.07317
1999     35     1964      0.06295
1999     36     1963      0.05423
1999     37     1962      0.04373
1999     38     1961      0.03337
1999     39     1960      0.02524
1999     40     1959      0.01844
1999     41     1958      0.01294
1999     42     1957      0.00826
1999     43     1956      0.00481
1999     44     1955      0.00245
1999     45     1954      0.00104
1999     46     1953      0.00046
1999     47     1952      0.00023
1999     48     1951      0.00010
1999     49     1950      0.00008
1999     50     1949      0.00005
1999     51     1948      0.00002
1999     52     1947      0.00001
1999     53     1946      0.00001
1999     54     1945      0.00000
1999     55+    1944-     0.00000
2000     12-    1988+     0.00000
2000     13     1987      0.00000
2000     14     1986      0.00000
2000     15     1985      0.00005
2000     16     1984      0.00109
2000     17     1983      0.00484
2000     18     1982      0.00746
2000     19     1981      0.01217
2000     20     1980      0.01768
2000     21     1979      0.02313
2000     22     1978      0.02930
2000     23     1977      0.03624
2000     24     1976      0.04429
2000     25     1975      0.05233
2000     26     1974      0.06141
2000     27     1973      0.07302
2000     28     1972      0.08291
2000     29     1971      0.08929
2000     30     1970      0.09338
2000     31     1969      0.09383
2000     32     1968      0.09113
2000     33     1967      0.08559
2000     34     1966      0.07625
2000     35     1965      0.06575
2000     36     1964      0.05647
2000     37     1963      0.04560
2000     38     1962      0.03507
2000     39     1961      0.02642
2000     40     1960      0.01920
2000     41     1959      0.01344
2000     42     1958      0.00866
2000     43     1957      0.00510
2000     44     1956      0.00262
2000     45     1955      0.00109
2000     46     1954      0.00048
2000     47     1953      0.00024
2000     48     1952      0.00011
2000     49     1951      0.00009
2000     50     1950      0.00006
2000     51     1949      0.00002
2000     52     1948      0.00001
2000     53     1947      0.00001
2000     54     1946      0.00000
2000     55+    1945-     0.00000
2001     12-    1989+     0.00000
2001     13     1988      0.00000
2001     14     1987      0.00000
2001     15     1986      0.00005
2001     16     1985      0.00104
2001     17     1984      0.00467
2001     18     1983      0.00725
2001     19     1982      0.01174
2001     20     1981      0.01706
2001     21     1980      0.02276
2001     22     1979      0.02915
2001     23     1978      0.03598
2001     24     1977      0.04451
2001     25     1976      0.05290
2001     26     1975      0.06051
2001     27     1974      0.07036
2001     28     1973      0.08039
2001     29     1972      0.08641
2001     30     1971      0.09112
2001     31     1970      0.09218
2001     32     1969      0.08975
2001     33     1968      0.08518
2001     34     1967      0.07632
2001     35     1966      0.06784
2001     36     1965      0.05854
2001     37     1964      0.04670
2001     38     1963      0.03683
2001     39     1962      0.02799
2001     40     1961      0.02013
2001     41     1960      0.01383
2001     42     1959      0.00891
2001     43     1958      0.00534
2001     44     1957      0.00279
2001     45     1956      0.00116
2001     46     1955      0.00050
2001     47     1954      0.00024
2001     48     1953      0.00011
2001     49     1952      0.00010
2001     50     1951      0.00006
2001     51     1950      0.00003
2001     52     1949      0.00001
2001     53     1948      0.00001
2001     54     1947      0.00000
2001     55+    1946-     0.00000
2002     12-    1990+     0.00000
2002     13     1989      0.00000
2002     14     1988      0.00000
2002     15     1987      0.00004
2002     16     1986      0.00100
2002     17     1985      0.00449
2002     18     1984      0.00702
2002     19     1983      0.01149
2002     20     1982      0.01656
2002     21     1981      0.02202
2002     22     1980      0.02876
2002     23     1979      0.03585
2002     24     1978      0.04418
2002     25     1977      0.05303
2002     26     1976      0.06089
2002     27     1975      0.06885
2002     28     1974      0.07848
2002     29     1973      0.08595
2002     30     1972      0.09162
2002     31     1971      0.09386
2002     32     1970      0.09206
2002     33     1969      0.08799
2002     34     1968      0.07875
2002     35     1967      0.07060
2002     36     1966      0.06083
2002     37     1965      0.04910
2002     38     1964      0.03896
2002     39     1963      0.02956
2002     40     1962      0.02146
2002     41     1961      0.01471
2002     42     1960      0.00935
2002     43     1959      0.00556
2002     44     1958      0.00294
2002     45     1957      0.00124
2002     46     1956      0.00053
2002     47     1955      0.00026
2002     48     1954      0.00013
2002     49     1953      0.00010
2002     50     1952      0.00007
2002     51     1951      0.00003
2002     52     1950      0.00001
2002     53     1949      0.00001
2002     54     1948      0.00000
2002     55+    1947-     0.00000
2003     12-    1991+     0.00000
2003     13     1990      0.00000
2003     14     1989      0.00000
2003     15     1988      0.00005
2003     16     1987      0.00104
2003     17     1986      0.00474
2003     18     1985      0.00761
2003     19     1984      0.01249
2003     20     1983      0.01750
2003     21     1982      0.02242
2003     22     1981      0.02799
2003     23     1980      0.03416
2003     24     1979      0.04172
2003     25     1978      0.04976
2003     26     1977      0.05909
2003     27     1976      0.06909
2003     28     1975      0.07747
2003     29     1974      0.08466
2003     30     1973      0.09159
2003     31     1972      0.09486
2003     32     1971      0.09397
2003     33     1970      0.08962
2003     34     1969      0.08227
2003     35     1968      0.07361
2003     36     1967      0.06394
2003     37     1966      0.05312
2003     38     1965      0.04174
2003     39     1964      0.03139
2003     40     1963      0.02327
2003     41     1962      0.01623
2003     42     1961      0.00990
2003     43     1960      0.00561
2003     44     1959      0.00301
2003     45     1958      0.00141
2003     46     1957      0.00070
2003     47     1956      0.00031
2003     48     1955      0.00014
2003     49     1954      0.00013
2003     50     1953      0.00008
2003     51     1952      0.00003
2003     52     1951      0.00002
2003     53     1950      0.00001
2003     54     1949      0.00000
2003     55+    1948-     0.00000
2004     12-    1992+     0.00000
2004     13     1991      0.00000
2004     14     1990      0.00001
2004     15     1989      0.00007
2004     16     1988      0.00103
2004     17     1987      0.00505
2004     18     1986      0.00800
2004     19     1985      0.01285
2004     20     1984      0.01878
2004     21     1983      0.02416
2004     22     1982      0.03009
2004     23     1981      0.03661
2004     24     1980      0.04372
2004     25     1979      0.05226
2004     26     1978      0.06107
2004     27     1977      0.07010
2004     28     1976      0.07928
2004     29     1975      0.08659
2004     30     1974      0.09241
2004     31     1973      0.09653
2004     32     1972      0.09661
2004     33     1971      0.09292
2004     34     1970      0.08585
2004     35     1969      0.07694
2004     36     1968      0.06740
2004     37     1967      0.05620
2004     38     1966      0.04412
2004     39     1965      0.03400
2004     40     1964      0.02508
2004     41     1963      0.01689
2004     42     1962      0.01069
2004     43     1961      0.00622
2004     44     1960      0.00320
2004     45     1959      0.00155
2004     46     1958      0.00074
2004     47     1957      0.00036
2004     48     1956      0.00020
2004     49     1955      0.00011
2004     50     1954      0.00010
2004     51     1953      0.00010
2004     52     1952      0.00006
2004     53     1951      0.00002
2004     54     1950      0.00001
2004     55+    1949-     0.00000
2005     12-    1993+     0.00000
2005     13     1992      0.00000
2005     14     1991      0.00000
2005     15     1990      0.00004
2005     16     1989      0.00095
2005     17     1988      0.00484
2005     18     1987      0.00787
2005     19     1986      0.01278
2005     20     1985      0.01854
2005     21     1984      0.02415
2005     22     1983      0.02981
2005     23     1982      0.03601
2005     24     1981      0.04310
2005     25     1980      0.05153
2005     26     1979      0.06091
2005     27     1978      0.06943
2005     28     1977      0.07757
2005     29     1976      0.08521
2005     30     1975      0.09098
2005     31     1974      0.09398
2005     32     1973      0.09437
2005     33     1972      0.09203
2005     34     1971      0.08562
2005     35     1970      0.07783
2005     36     1969      0.06811
2005     37     1968      0.05651
2005     38     1967      0.04527
2005     39     1966      0.03513
2005     40     1965      0.02598
2005     41     1964      0.01784
2005     42     1963      0.01132
2005     43     1962      0.00664
2005     44     1961      0.00353
2005     45     1960      0.00168
2005     46     1959      0.00078
2005     47     1958      0.00037
2005     48     1957      0.00018
2005     49     1956      0.00011
2005     50     1955      0.00013
2005     51     1954      0.00012
2005     52     1953      0.00007
2005     53     1952      0.00002
2005     54     1951      0.00001
2005     55+    1950-     0.00000
2006     12-    1994+     0.00000
2006     13     1993      0.00000
2006     14     1992      0.00000
2006     15     1991      0.00005
2006     16     1990      0.00086
2006     17     1989      0.00447
2006     18     1988      0.00738
2006     19     1987      0.01284
2006     20     1986      0.01922
2006     21     1985      0.02440
2006     22     1984      0.02999
2006     23     1983      0.03662
2006     24     1982      0.04395
2006     25     1981      0.05206
2006     26     1980      0.06084
2006     27     1979      0.07026
2006     28     1978      0.07923
2006     29     1977      0.08617
2006     30     1976      0.09153
2006     31     1975      0.09535
2006     32     1974      0.09606
2006     33     1973      0.09397
2006     34     1972      0.08926
2006     35     1971      0.08137
2006     36     1970      0.07149
2006     37     1969      0.05972
2006     38     1968      0.04730
2006     39     1967      0.03704
2006     40     1966      0.02769
2006     41     1965      0.01895
2006     42     1964      0.01201
2006     43     1963      0.00719
2006     44     1962      0.00393
2006     45     1961      0.00191
2006     46     1960      0.00092
2006     47     1959      0.00042
2006     48     1958      0.00020
2006     49     1957      0.00013
2006     50     1956      0.00011
2006     51     1955      0.00010
2006     52     1954      0.00005
2006     53     1953      0.00002
2006     54     1952      0.00001
2006     55+    1951-     0.00000
2007     12-    1995+     0.00000
2007     13     1994      0.00000
2007     14     1993      0.00001
2007     15     1992      0.00004
2007     16     1991      0.00092
2007     17     1990      0.00432
2007     18     1989      0.00730
2007     19     1988      0.01268
2007     20     1987      0.01964
2007     21     1986      0.02593
2007     22     1985      0.03125
2007     23     1984      0.03697
2007     24     1983      0.04366
2007     25     1982      0.05213
2007     26     1981      0.06115
2007     27     1980      0.07058
2007     28     1979      0.07914
2007     29     1978      0.08632
2007     30     1977      0.09303
2007     31     1976      0.09676
2007     32     1975      0.09695
2007     33     1974      0.09517
2007     34     1973      0.09047
2007     35     1972      0.08318
2007     36     1971      0.07378
2007     37     1970      0.06180
2007     38     1969      0.04978
2007     39     1968      0.03882
2007     40     1967      0.02912
2007     41     1966      0.02038
2007     42     1965      0.01294
2007     43     1964      0.00765
2007     44     1963      0.00418
2007     45     1962      0.00211
2007     46     1961      0.00105
2007     47     1960      0.00054
2007     48     1959      0.00027
2007     49     1958      0.00018
2007     50     1957      0.00018
2007     51     1956      0.00016
2007     52     1955      0.00008
2007     53     1954      0.00003
2007     54     1953      0.00001
2007     55+    1952-     0.00000
2008     12-    1996+     0.00000
2008     13     1995      0.00000
2008     14     1994      0.00000
2008     15     1993      0.00007
2008     16     1992      0.00101
2008     17     1991      0.00470
2008     18     1990      0.00767
2008     19     1989      0.01322
2008     20     1988      0.01992
2008     21     1987      0.02677
2008     22     1986      0.03267
2008     23     1985      0.03836
2008     24     1984      0.04554
2008     25     1983      0.05324
2008     26     1982      0.06151
2008     27     1981      0.07123
2008     28     1980      0.08124
2008     29     1979      0.08907
2008     30     1978      0.09443
2008     31     1977      0.09814
2008     32     1976      0.09964
2008     33     1975      0.09754
2008     34     1974      0.09231
2008     35     1973      0.08550
2008     36     1972      0.07712
2008     37     1971      0.06568
2008     38     1970      0.05330
2008     39     1969      0.04165
2008     40     1968      0.03064
2008     41     1967      0.02163
2008     42     1966      0.01414
2008     43     1965      0.00809
2008     44     1964      0.00439
2008     45     1963      0.00236
2008     46     1962      0.00119
2008     47     1961      0.00057
2008     48     1960      0.00029
2008     49     1959      0.00019
2008     50     1958      0.00015
2008     51     1957      0.00011
2008     52     1956      0.00005
2008     53     1955      0.00002
2008     54     1954      0.00001
2008     55+    1953-     0.00000
2009     12-    1997+     0.00000
2009     13     1996      0.00002
2009     14     1995      0.00003
2009     15     1994      0.00005
2009     16     1993      0.00094
2009     17     1992      0.00451
2009     18     1991      0.00711
2009     19     1990      0.01244
2009     20     1989      0.01942
2009     21     1988      0.02588
2009     22     1987      0.03266
2009     23     1986      0.03898
2009     24     1985      0.04514
2009     25     1984      0.05306
2009     26     1983      0.06201
2009     27     1982      0.07065
2009     28     1981      0.07974
2009     29     1980      0.08826
2009     30     1979      0.09435
2009     31     1978      0.09743
2009     32     1977      0.09883
2009     33     1976      0.09693
2009     34     1975      0.09188
2009     35     1974      0.08613
2009     36     1973      0.07766
2009     37     1972      0.06619
2009     38     1971      0.05387
2009     39     1970      0.04230
2009     40     1969      0.03204
2009     41     1968      0.02253
2009     42     1967      0.01478
2009     43     1966      0.00882
2009     44     1965      0.00481
2009     45     1964      0.00257
2009     46     1963      0.00130
2009     47     1962      0.00066
2009     48     1961      0.00043
2009     49     1960      0.00028
2009     50     1959      0.00020
2009     51     1958      0.00017
2009     52     1957      0.00008
2009     53     1956      0.00003
2009     54     1955      0.00001
2009     55+    1954-     0.00000
2010     12-    1998+     0.00000
2010     13     1997      0.00000
2010     14     1996      0.00000
2010     15     1995      0.00002
2010     16     1994      0.00079
2010     17     1993      0.00424
2010     18     1992      0.00682
2010     19     1991      0.01206
2010     20     1990      0.01846
2010     21     1989      0.02439
2010     22     1988      0.03107
2010     23     1987      0.03799
2010     24     1986      0.04509
2010     25     1985      0.05202
2010     26     1984      0.06069
2010     27     1983      0.07030
2010     28     1982      0.07931
2010     29     1981      0.08824
2010     30     1980      0.09547
2010     31     1979      0.09863
2010     32     1978      0.09931
2010     33     1977      0.09731
2010     34     1976      0.09265
2010     35     1975      0.08658
2010     36     1974      0.07857
2010     37     1973      0.06736
2010     38     1972      0.05542
2010     39     1971      0.04399
2010     40     1970      0.03297
2010     41     1969      0.02344
2010     42     1968      0.01522
2010     43     1967      0.00910
2010     44     1966      0.00526
2010     45     1965      0.00279
2010     46     1964      0.00141
2010     47     1963      0.00075
2010     48     1962      0.00041
2010     49     1961      0.00024
2010     50     1960      0.00021
2010     51     1959      0.00019
2010     52     1958      0.00009
2010     53     1957      0.00003
2010     54     1956      0.00001
2010     55+    1955-     0.00000
2011     12-    1999+     0.00000
2011     13     1998      0.00002
2011     14     1997      0.00005
2011     15     1996      0.00005
2011     16     1995      0.00085
2011     17     1994      0.00419
2011     18     1993      0.00650
2011     19     1992      0.01152
2011     20     1991      0.01785
2011     21     1990      0.02364
2011     22     1989      0.02996
2011     23     1988      0.03648
2011     24     1987      0.04341
2011     25     1986      0.05104
2011     26     1985      0.05917
2011     27     1984      0.06862
2011     28     1983      0.07743
2011     29     1982      0.08570
2011     30     1981      0.09330
2011     31     1980      0.09752
2011     32     1979      0.09812
2011     33     1978      0.09624
2011     34     1977      0.09270
2011     35     1976      0.08644
2011     36     1975      0.07805
2011     37     1974      0.06787
2011     38     1973      0.05580
2011     39     1972      0.04423
2011     40     1971      0.03380
2011     41     1970      0.02424
2011     42     1969      0.01603
2011     43     1968      0.00968
2011     44     1967      0.00537
2011     45     1966      0.00304
2011     46     1965      0.00164
2011     47     1964      0.00085
2011     48     1963      0.00051
2011     49     1962      0.00031
2011     50     1961      0.00026
2011     51     1960      0.00021
2011     52     1959      0.00010
2011     53     1958      0.00003
2011     54     1957      0.00001
2011     55+    1956-     0.00000
2012     12-    2000+     0.00000
2012     13     1999      0.00001
2012     14     1998      0.00003
2012     15     1997      0.00006
2012     16     1996      0.00088
2012     17     1995      0.00417
2012     18     1994      0.00649
2012     19     1993      0.01143
2012     20     1992      0.01751
2012     21     1991      0.02314
2012     22     1990      0.02945
2012     23     1989      0.03573
2012     24     1988      0.04245
2012     25     1987      0.05109
2012     26     1986      0.05990
2012     27     1985      0.06822
2012     28     1984      0.07688
2012     29     1983      0.08459
2012     30     1982      0.09210
2012     31     1981      0.09732
2012     32     1980      0.09841
2012     33     1979      0.09613
2012     34     1978      0.09173
2012     35     1977      0.08547
2012     36     1976      0.07698
2012     37     1975      0.06704
2012     38     1974      0.05585
2012     39     1973      0.04462
2012     40     1972      0.03455
2012     41     1971      0.02491
2012     42     1970      0.01620
2012     43     1969      0.00997
2012     44     1968      0.00584
2012     45     1967      0.00324
2012     46     1966      0.00179
2012     47     1965      0.00102
2012     48     1964      0.00057
2012     49     1963      0.00033
2012     50     1962      0.00031
2012     51     1961      0.00025
2012     52     1960      0.00012
2012     53     1959      0.00004
2012     54     1958      0.00001
2012     55+    1957-     0.00000
2013     12-    2001+     0.00000
2013     13     2000      0.00000
2013     14     1999      0.00002
2013     15     1998      0.00010
2013     16     1997      0.00093
2013     17     1996      0.00351
2013     18     1995      0.00615
2013     19     1994      0.01087
2013     20     1993      0.01641
2013     21     1992      0.02206
2013     22     1991      0.02753
2013     23     1990      0.03353
2013     24     1989      0.04072
2013     25     1988      0.04861
2013     26     1987      0.05810
2013     27     1986      0.06675
2013     28     1985      0.07464
2013     29     1984      0.08291
2013     30     1983      0.09007
2013     31     1982      0.09538
2013     32     1981      0.09681
2013     33     1980      0.09455
2013     34     1979      0.09046
2013     35     1978      0.08419
2013     36     1977      0.07603
2013     37     1976      0.06628
2013     38     1975      0.05507
2013     39     1974      0.04460
2013     40     1973      0.03463
2013     41     1972      0.02520
2013     42     1971      0.01701
2013     43     1970      0.01051
2013     44     1969      0.00598
2013     45     1968      0.00325
2013     46     1967      0.00181
2013     47     1966      0.00110
2013     48     1965      0.00064
2013     49     1964      0.00038
2013     50     1963      0.00035
2013     51     1962      0.00026
2013     52     1961      0.00011
2013     53     1960      0.00004
2013     54     1959      0.00001
2013     55+    1958-     0.00000
2014     12-    2002+     0.00000
2014     13     2001      0.00000
2014     14     2000      0.00001
2014     15     1999      0.00008
2014     16     1998      0.00110
2014     17     1997      0.00341
2014     18     1996      0.00601
2014     19     1995      0.01043
2014     20     1994      0.01615
2014     21     1993      0.02123
2014     22     1992      0.02707
2014     23     1991      0.03265
2014     24     1990      0.03912
2014     25     1989      0.04707
2014     26     1988      0.05628
2014     27     1987      0.06599
2014     28     1986      0.07530
2014     29     1985      0.08304
2014     30     1984      0.08979
2014     31     1983      0.09567
2014     32     1982      0.09728
2014     33     1981      0.09556
2014     34     1980      0.09199
2014     35     1979      0.08543
2014     36     1978      0.07673
2014     37     1977      0.06609
2014     38     1976      0.05476
2014     39     1975      0.04426
2014     40     1974      0.03495
2014     41     1973      0.02533
2014     42     1972      0.01656
2014     43     1971      0.01029
2014     44     1970      0.00626
2014     45     1969      0.00356
2014     46     1968      0.00186
2014     47     1967      0.00121
2014     48     1966      0.00063
2014     49     1965      0.00037
2014     50     1964      0.00025
2014     51     1963      0.00021
2014     52     1962      0.00011
2014     53     1961      0.00006
2014     54     1960      0.00007
2014     55+    1959-     0.00009
2015     12-    2003+     0.00000
2015     13     2002      0.00000
2015     14     2001      0.00001
2015     15     2000      0.00008
2015     16     1999      0.00099
2015     17     1998      0.00289
2015     18     1997      0.00534
2015     19     1996      0.00964
2015     20     1995      0.01532
2015     21     1994      0.01992
2015     22     1993      0.02500
2015     23     1992      0.03107
2015     24     1991      0.03730
2015     25     1990      0.04521
2015     26     1989      0.05434
2015     27     1988      0.06341
2015     28     1987      0.07371
2015     29     1986      0.08212
2015     30     1985      0.08883
2015     31     1984      0.09427
2015     32     1983      0.09605
2015     33     1982      0.09511
2015     34     1981      0.09105
2015     35     1980      0.08514
2015     36     1979      0.07729
2015     37     1978      0.06700
2015     38     1977      0.05608
2015     39     1976      0.04477
2015     40     1975      0.03513
2015     41     1974      0.02544
2015     42     1973      0.01721
2015     43     1972      0.01081
2015     44     1971      0.00619
2015     45     1970      0.00363
2015     46     1969      0.00195
2015     47     1968      0.00123
2015     48     1967      0.00065
2015     49     1966      0.00036
2015     50     1965      0.00026
2015     51     1964      0.00014
2015     52     1963      0.00013
2015     53     1962      0.00005
2015     54     1961      0.00006
2015     55+    1960-     0.00009
2016     12-    2004+     0.00000
2016     13     2003      0.00000
2016     14     2002      0.00003
2016     15     2001      0.00004
2016     16     2000      0.00080
2016     17     1999      0.00273
2016     18     1998      0.00482
2016     19     1997      0.00950
2016     20     1996      0.01422
2016     21     1995      0.01941
2016     22     1994      0.02414
2016     23     1993      0.03015
2016     24     1992      0.03608
2016     25     1991      0.04386
2016     26     1990      0.05272
2016     27     1989      0.06195
2016     28     1988      0.07156
2016     29     1987      0.08109
2016     30     1986      0.08881
2016     31     1985      0.09417
2016     32     1984      0.09572
2016     33     1983      0.09542
2016     34     1982      0.09185
2016     35     1981      0.08594
2016     36     1980      0.07849
2016     37     1979      0.06711
2016     38     1978      0.05583
2016     39     1977      0.04549
2016     40     1976      0.03558
2016     41     1975      0.02553
2016     42     1974      0.01759
2016     43     1973      0.01130
2016     44     1972      0.00661
2016     45     1971      0.00369
2016     46     1970      0.00223
2016     47     1969      0.00127
2016     48     1968      0.00070
2016     49     1967      0.00046
2016     50     1966      0.00028
2016     51     1965      0.00022
2016     52     1964      0.00012
2016     53     1963      0.00007
2016     54     1962      0.00004
2016     55+    1961-     0.00009
2017     12-    2005+     0.00000
2017     13     2004      0.00000
2017     14     2003      0.00001
2017     15     2002      0.00007
2017     16     2001      0.00077
2017     17     2000      0.00222
2017     18     1999      0.00442
2017     19     1998      0.00849
2017     20     1997      0.01338
2017     21     1996      0.01816
2017     22     1995      0.02299
2017     23     1994      0.02890
2017     24     1993      0.03450
2017     25     1992      0.04250
2017     26     1991      0.05113
2017     27     1990      0.06003
2017     28     1989      0.07062
2017     29     1988      0.07895
2017     30     1987      0.08745
2017     31     1986      0.09244
2017     32     1985      0.09478
2017     33     1984      0.09318
2017     34     1983      0.09023
2017     35     1982      0.08509
2017     36     1981      0.07803
2017     37     1980      0.06842
2017     38     1979      0.05677
2017     39     1978      0.04571
2017     40     1977      0.03641
2017     41     1976      0.02640
2017     42     1975      0.01755
2017     43     1974      0.01150
2017     44     1973      0.00684
2017     45     1972      0.00395
2017     46     1971      0.00246
2017     47     1970      0.00127
2017     48     1969      0.00086
2017     49     1968      0.00050
2017     50     1967      0.00032
2017     51     1966      0.00026
2017     52     1965      0.00010
2017     53     1964      0.00010
2017     54     1963      0.00004
2017     55+    1962-     0.00011
2018     12-    2006+     0.00000
2018     13     2005      0.00000
2018     14     2004      0.00001
2018     15     2003      0.00005
2018     16     2002      0.00056
2018     17     2001      0.00200
2018     18     2000      0.00397
2018     19     1999      0.00810
2018     20     1998      0.01308
2018     21     1997      0.01714
2018     22     1996      0.02149
2018     23     1995      0.02722
2018     24     1994      0.03305
2018     25     1993      0.04035
2018     26     1992      0.04894
2018     27     1991      0.05845
2018     28     1990      0.06697
2018     29     1989      0.07563
2018     30     1988      0.08460
2018     31     1987      0.09060
2018     32     1986      0.09274
2018     33     1985      0.09228
2018     34     1984      0.08957
2018     35     1983      0.08496
2018     36     1982      0.07721
2018     37     1981      0.06684
2018     38     1980      0.05617
2018     39     1979      0.04488
2018     40     1978      0.03586
2018     41     1977      0.02663
2018     42     1976      0.01791
2018     43     1975      0.01131
2018     44     1974      0.00705
2018     45     1973      0.00412
2018     46     1972      0.00251
2018     47     1971      0.00148
2018     48     1970      0.00086
2018     49     1969      0.00051
2018     50     1968      0.00036
2018     51     1967      0.00024
2018     52     1966      0.00014
2018     53     1965      0.00009
2018     54     1964      0.00006
2018     55+    1963-     0.00012
2019     12-    2007+     0.00000
2019     13     2006      0.00000
2019     14     2005      0.00001
2019     15     2004      0.00003
2019     16     2003      0.00059
2019     17     2002      0.00187
2019     18     2001      0.00366
2019     19     2000      0.00677
2019     20     1999      0.01163
2019     21     1998      0.01599
2019     22     1997      0.02102
2019     23     1996      0.02545
2019     24     1995      0.03109
2019     25     1994      0.03835
2019     26     1993      0.04617
2019     27     1992      0.05543
2019     28     1991      0.06488
2019     29     1990      0.07334
2019     30     1989      0.08174
2019     31     1988      0.08880
2019     32     1987      0.09033
2019     33     1986      0.08971
2019     34     1985      0.08711
2019     35     1984      0.08250
2019     36     1983      0.07694
2019     37     1982      0.06653
2019     38     1981      0.05531
2019     39     1980      0.04453
2019     40     1979      0.03550
2019     41     1978      0.02592
2019     42     1977      0.01762
2019     43     1976      0.01112
2019     44     1975      0.00688
2019     45     1974      0.00418
2019     46     1973      0.00245
2019     47     1972      0.00141
2019     48     1971      0.00085
2019     49     1970      0.00062
2019     50     1969      0.00038
2019     51     1968      0.00034
2019     52     1967      0.00014
2019     53     1966      0.00008
2019     54     1965      0.00007
2019     55+    1964-     0.00010