Italy, Period fertility rates by calendar year and age (Lexis squares, age in completed years (ACY))
Last modified: 10/05/2022
Year    Age        ASFR
1954     12-    0.00000
1954     13     0.00015
1954     14     0.00056
1954     15     0.00202
1954     16     0.00550
1954     17     0.01267
1954     18     0.02457
1954     19     0.04127
1954     20     0.06324
1954     21     0.08524
1954     22     0.10659
1954     23     0.12690
1954     24     0.13870
1954     25     0.14309
1954     26     0.14977
1954     27     0.14705
1954     28     0.14170
1954     29     0.13507
1954     30     0.12968
1954     31     0.11868
1954     32     0.10990
1954     33     0.10244
1954     34     0.09357
1954     35     0.08800
1954     36     0.07833
1954     37     0.06919
1954     38     0.06126
1954     39     0.05166
1954     40     0.04209
1954     41     0.03420
1954     42     0.02523
1954     43     0.01741
1954     44     0.01095
1954     45     0.00603
1954     46     0.00293
1954     47     0.00122
1954     48     0.00052
1954     49     0.00020
1954     50     0.00008
1954     51     0.00004
1954     52     0.00002
1954     53     0.00001
1954     54     0.00000
1954     55+    0.00000
1955     12-    0.00000
1955     13     0.00014
1955     14     0.00059
1955     15     0.00215
1955     16     0.00576
1955     17     0.01299
1955     18     0.02500
1955     19     0.04170
1955     20     0.06357
1955     21     0.08631
1955     22     0.10944
1955     23     0.12410
1955     24     0.13900
1955     25     0.14626
1955     26     0.14643
1955     27     0.14707
1955     28     0.14393
1955     29     0.13408
1955     30     0.12826
1955     31     0.11862
1955     32     0.10929
1955     33     0.09918
1955     34     0.09237
1955     35     0.08315
1955     36     0.07832
1955     37     0.06761
1955     38     0.05866
1955     39     0.05077
1955     40     0.04111
1955     41     0.03251
1955     42     0.02422
1955     43     0.01633
1955     44     0.01007
1955     45     0.00581
1955     46     0.00264
1955     47     0.00112
1955     48     0.00039
1955     49     0.00020
1955     50     0.00009
1955     51     0.00004
1955     52     0.00002
1955     53     0.00001
1955     54     0.00000
1955     55+    0.00000
1956     12-    0.00000
1956     13     0.00020
1956     14     0.00061
1956     15     0.00234
1956     16     0.00623
1956     17     0.01330
1956     18     0.02529
1956     19     0.04254
1956     20     0.06481
1956     21     0.08856
1956     22     0.11212
1956     23     0.12928
1956     24     0.14076
1956     25     0.14958
1956     26     0.15134
1956     27     0.14479
1956     28     0.14235
1956     29     0.13498
1956     30     0.12834
1956     31     0.11677
1956     32     0.11011
1956     33     0.09862
1956     34     0.08940
1956     35     0.08246
1956     36     0.07395
1956     37     0.06678
1956     38     0.05758
1956     39     0.04850
1956     40     0.04063
1956     41     0.03070
1956     42     0.02369
1956     43     0.01593
1956     44     0.00967
1956     45     0.00546
1956     46     0.00274
1956     47     0.00115
1956     48     0.00042
1956     49     0.00017
1956     50     0.00005
1956     51     0.00003
1956     52     0.00001
1956     53     0.00001
1956     54     0.00000
1956     55+    0.00000
1957     12-    0.00000
1957     13     0.00019
1957     14     0.00063
1957     15     0.00247
1957     16     0.00605
1957     17     0.01360
1957     18     0.02532
1957     19     0.04163
1957     20     0.06334
1957     21     0.08859
1957     22     0.11259
1957     23     0.13108
1957     24     0.14333
1957     25     0.15078
1957     26     0.15241
1957     27     0.14908
1957     28     0.14162
1957     29     0.13668
1957     30     0.12825
1957     31     0.11861
1957     32     0.10851
1957     33     0.10007
1957     34     0.08956
1957     35     0.07990
1957     36     0.07263
1957     37     0.06344
1957     38     0.05694
1957     39     0.04791
1957     40     0.03820
1957     41     0.03014
1957     42     0.02213
1957     43     0.01526
1957     44     0.00928
1957     45     0.00520
1957     46     0.00235
1957     47     0.00110
1957     48     0.00040
1957     49     0.00019
1957     50     0.00021
1957     51     0.00014
1957     52     0.00006
1957     53     0.00002
1957     54     0.00000
1957     55+    0.00000
1958     12-    0.00000
1958     13     0.00022
1958     14     0.00064
1958     15     0.00207
1958     16     0.00603
1958     17     0.01312
1958     18     0.02464
1958     19     0.04133
1958     20     0.06180
1958     21     0.08529
1958     22     0.11175
1958     23     0.13147
1958     24     0.14613
1958     25     0.15094
1958     26     0.15254
1958     27     0.15165
1958     28     0.14670
1958     29     0.13387
1958     30     0.12831
1958     31     0.11753
1958     32     0.10848
1958     33     0.09779
1958     34     0.08949
1958     35     0.07864
1958     36     0.06975
1958     37     0.06181
1958     38     0.05270
1958     39     0.04639
1958     40     0.03767
1958     41     0.02882
1958     42     0.02118
1958     43     0.01405
1958     44     0.00855
1958     45     0.00487
1958     46     0.00224
1958     47     0.00105
1958     48     0.00039
1958     49     0.00015
1958     50     0.00005
1958     51     0.00003
1958     52     0.00001
1958     53     0.00001
1958     54     0.00000
1958     55+    0.00000
1959     12-    0.00000
1959     13     0.00017
1959     14     0.00070
1959     15     0.00257
1959     16     0.00656
1959     17     0.01435
1959     18     0.02587
1959     19     0.04397
1959     20     0.06555
1959     21     0.08892
1959     22     0.11513
1959     23     0.13616
1959     24     0.15176
1959     25     0.15996
1959     26     0.16053
1959     27     0.15606
1959     28     0.15116
1959     29     0.14248
1959     30     0.13067
1959     31     0.12132
1959     32     0.11119
1959     33     0.09873
1959     34     0.09001
1959     35     0.08125
1959     36     0.07095
1959     37     0.06163
1959     38     0.05455
1959     39     0.04557
1959     40     0.03823
1959     41     0.02896
1959     42     0.02059
1959     43     0.01400
1959     44     0.00864
1959     45     0.00473
1959     46     0.00237
1959     47     0.00104
1959     48     0.00040
1959     49     0.00024
1959     50     0.00015
1959     51     0.00008
1959     52     0.00003
1959     53     0.00001
1959     54     0.00000
1959     55+    0.00000
1960     12-    0.00000
1960     13     0.00021
1960     14     0.00071
1960     15     0.00284
1960     16     0.00719
1960     17     0.01494
1960     18     0.02690
1960     19     0.04486
1960     20     0.06753
1960     21     0.09148
1960     22     0.11658
1960     23     0.13661
1960     24     0.15422
1960     25     0.16196
1960     26     0.16574
1960     27     0.16008
1960     28     0.15208
1960     29     0.14692
1960     30     0.13517
1960     31     0.12066
1960     32     0.11243
1960     33     0.10104
1960     34     0.08996
1960     35     0.08154
1960     36     0.07102
1960     37     0.06099
1960     38     0.05265
1960     39     0.04493
1960     40     0.03666
1960     41     0.02935
1960     42     0.02109
1960     43     0.01395
1960     44     0.00832
1960     45     0.00483
1960     46     0.00237
1960     47     0.00116
1960     48     0.00052
1960     49     0.00026
1960     50     0.00017
1960     51     0.00009
1960     52     0.00004
1960     53     0.00002
1960     54     0.00000
1960     55+    0.00000
1961     12-    0.00001
1961     13     0.00030
1961     14     0.00072
1961     15     0.00282
1961     16     0.00792
1961     17     0.01604
1961     18     0.02878
1961     19     0.04412
1961     20     0.06834
1961     21     0.09447
1961     22     0.11685
1961     23     0.13892
1961     24     0.15464
1961     25     0.16474
1961     26     0.16675
1961     27     0.16191
1961     28     0.15480
1961     29     0.14225
1961     30     0.13820
1961     31     0.12515
1961     32     0.10953
1961     33     0.10041
1961     34     0.09043
1961     35     0.08058
1961     36     0.07011
1961     37     0.06146
1961     38     0.05044
1961     39     0.04187
1961     40     0.03529
1961     41     0.02604
1961     42     0.02042
1961     43     0.01371
1961     44     0.00822
1961     45     0.00439
1961     46     0.00213
1961     47     0.00102
1961     48     0.00051
1961     49     0.00025
1961     50     0.00018
1961     51     0.00010
1961     52     0.00004
1961     53     0.00002
1961     54     0.00000
1961     55+    0.00000
1962     12-    0.00000
1962     13     0.00009
1962     14     0.00054
1962     15     0.00209
1962     16     0.00795
1962     17     0.01683
1962     18     0.02959
1962     19     0.04702
1962     20     0.06956
1962     21     0.09581
1962     22     0.12170
1962     23     0.14291
1962     24     0.15853
1962     25     0.16559
1962     26     0.16950
1962     27     0.16679
1962     28     0.15852
1962     29     0.14830
1962     30     0.13828
1962     31     0.13041
1962     32     0.11709
1962     33     0.10077
1962     34     0.09318
1962     35     0.08104
1962     36     0.07095
1962     37     0.06219
1962     38     0.05281
1962     39     0.04287
1962     40     0.03418
1962     41     0.02673
1962     42     0.01995
1962     43     0.01359
1962     44     0.00829
1962     45     0.00455
1962     46     0.00220
1962     47     0.00098
1962     48     0.00037
1962     49     0.00023
1962     50     0.00017
1962     51     0.00010
1962     52     0.00004
1962     53     0.00002
1962     54     0.00000
1962     55+    0.00000
1963     12-    0.00001
1963     13     0.00032
1963     14     0.00095
1963     15     0.00342
1963     16     0.00872
1963     17     0.01810
1963     18     0.03290
1963     19     0.05138
1963     20     0.07642
1963     21     0.10097
1963     22     0.12736
1963     23     0.15097
1963     24     0.16417
1963     25     0.17598
1963     26     0.17472
1963     27     0.17184
1963     28     0.16484
1963     29     0.15435
1963     30     0.14412
1963     31     0.12830
1963     32     0.11962
1963     33     0.10536
1963     34     0.09249
1963     35     0.08427
1963     36     0.07170
1963     37     0.06203
1963     38     0.05195
1963     39     0.04313
1963     40     0.03448
1963     41     0.02556
1963     42     0.01876
1963     43     0.01253
1963     44     0.00787
1963     45     0.00396
1963     46     0.00190
1963     47     0.00083
1963     48     0.00036
1963     49     0.00022
1963     50     0.00010
1963     51     0.00005
1963     52     0.00002
1963     53     0.00001
1963     54     0.00000
1963     55+    0.00000
1964     12-    0.00000
1964     13     0.00017
1964     14     0.00068
1964     15     0.00293
1964     16     0.01080
1964     17     0.02131
1964     18     0.03686
1964     19     0.05807
1964     20     0.08565
1964     21     0.11283
1964     22     0.13595
1964     23     0.15970
1964     24     0.17599
1964     25     0.18498
1964     26     0.18425
1964     27     0.17803
1964     28     0.17071
1964     29     0.16099
1964     30     0.15138
1964     31     0.13819
1964     32     0.12428
1964     33     0.11124
1964     34     0.09931
1964     35     0.08661
1964     36     0.07647
1964     37     0.06507
1964     38     0.05398
1964     39     0.04499
1964     40     0.03610
1964     41     0.02696
1964     42     0.01895
1964     43     0.01244
1964     44     0.00771
1964     45     0.00443
1964     46     0.00224
1964     47     0.00086
1964     48     0.00029
1964     49     0.00016
1964     50     0.00014
1964     51     0.00009
1964     52     0.00004
1964     53     0.00002
1964     54     0.00000
1964     55+    0.00000
1965     12-    0.00001
1965     13     0.00025
1965     14     0.00082
1965     15     0.00336
1965     16     0.01078
1965     17     0.02069
1965     18     0.03884
1965     19     0.05961
1965     20     0.08697
1965     21     0.11577
1965     22     0.14205
1965     23     0.15953
1965     24     0.17368
1965     25     0.18170
1965     26     0.18223
1965     27     0.17581
1965     28     0.16627
1965     29     0.15357
1965     30     0.14653
1965     31     0.13329
1965     32     0.12134
1965     33     0.10738
1965     34     0.09698
1965     35     0.08534
1965     36     0.07335
1965     37     0.06301
1965     38     0.05237
1965     39     0.04349
1965     40     0.03459
1965     41     0.02578
1965     42     0.01826
1965     43     0.01250
1965     44     0.00738
1965     45     0.00434
1965     46     0.00237
1965     47     0.00120
1965     48     0.00052
1965     49     0.00040
1965     50     0.00015
1965     51     0.00007
1965     52     0.00003
1965     53     0.00001
1965     54     0.00000
1965     55+    0.00000
1966     12-    0.00000
1966     13     0.00020
1966     14     0.00084
1966     15     0.00318
1966     16     0.00994
1966     17     0.02028
1966     18     0.03708
1966     19     0.06003
1966     20     0.08746
1966     21     0.11314
1966     22     0.14236
1966     23     0.16137
1966     24     0.17067
1966     25     0.17745
1966     26     0.17878
1966     27     0.16994
1966     28     0.16243
1966     29     0.14925
1966     30     0.14276
1966     31     0.13011
1966     32     0.11851
1966     33     0.10702
1966     34     0.09547
1966     35     0.08499
1966     36     0.07392
1966     37     0.06167
1966     38     0.05298
1966     39     0.04285
1966     40     0.03388
1966     41     0.02501
1966     42     0.01778
1966     43     0.01192
1966     44     0.00731
1966     45     0.00444
1966     46     0.00212
1966     47     0.00118
1966     48     0.00055
1966     49     0.00044
1966     50     0.00007
1966     51     0.00003
1966     52     0.00001
1966     53     0.00001
1966     54     0.00000
1966     55+    0.00000
1967     12-    0.00000
1967     13     0.00022
1967     14     0.00086
1967     15     0.00289
1967     16     0.00972
1967     17     0.01987
1967     18     0.03556
1967     19     0.05894
1967     20     0.08989
1967     21     0.11451
1967     22     0.13870
1967     23     0.15937
1967     24     0.16968
1967     25     0.17082
1967     26     0.17358
1967     27     0.16555
1967     28     0.15493
1967     29     0.14595
1967     30     0.13589
1967     31     0.12175
1967     32     0.11152
1967     33     0.10165
1967     34     0.09036
1967     35     0.07831
1967     36     0.06990
1967     37     0.05892
1967     38     0.04850
1967     39     0.03981
1967     40     0.03199
1967     41     0.02375
1967     42     0.01673
1967     43     0.01136
1967     44     0.00651
1967     45     0.00366
1967     46     0.00187
1967     47     0.00083
1967     48     0.00027
1967     49     0.00026
1967     50     0.00014
1967     51     0.00007
1967     52     0.00003
1967     53     0.00001
1967     54     0.00000
1967     55+    0.00000
1968     12-    0.00001
1968     13     0.00036
1968     14     0.00119
1968     15     0.00392
1968     16     0.00982
1968     17     0.02098
1968     18     0.03608
1968     19     0.05801
1968     20     0.08740
1968     21     0.11785
1968     22     0.14225
1968     23     0.15596
1968     24     0.16750
1968     25     0.17162
1968     26     0.16902
1968     27     0.16402
1968     28     0.15270
1968     29     0.14076
1968     30     0.13270
1968     31     0.11759
1968     32     0.10664
1968     33     0.09688
1968     34     0.08777
1968     35     0.07777
1968     36     0.06627
1968     37     0.05775
1968     38     0.04743
1968     39     0.03835
1968     40     0.03088
1968     41     0.02242
1968     42     0.01642
1968     43     0.01046
1968     44     0.00619
1968     45     0.00342
1968     46     0.00152
1968     47     0.00079
1968     48     0.00038
1968     49     0.00018
1968     50     0.00013
1968     51     0.00008
1968     52     0.00004
1968     53     0.00001
1968     54     0.00000
1968     55+    0.00000
1969     12-    0.00000
1969     13     0.00022
1969     14     0.00106
1969     15     0.00372
1969     16     0.00999
1969     17     0.02033
1969     18     0.03688
1969     19     0.05842
1969     20     0.08592
1969     21     0.11428
1969     22     0.14404
1969     23     0.16227
1969     24     0.16529
1969     25     0.17447
1969     26     0.17273
1969     27     0.16294
1969     28     0.15134
1969     29     0.14238
1969     30     0.13096
1969     31     0.12087
1969     32     0.10617
1969     33     0.09675
1969     34     0.08685
1969     35     0.07871
1969     36     0.06787
1969     37     0.05833
1969     38     0.04845
1969     39     0.03960
1969     40     0.03040
1969     41     0.02347
1969     42     0.01651
1969     43     0.01050
1969     44     0.00655
1969     45     0.00347
1969     46     0.00177
1969     47     0.00075
1969     48     0.00031
1969     49     0.00017
1969     50     0.00008
1969     51     0.00004
1969     52     0.00002
1969     53     0.00001
1969     54     0.00000
1969     55+    0.00000
1970     12-    0.00000
1970     13     0.00020
1970     14     0.00111
1970     15     0.00413
1970     16     0.01123
1970     17     0.02172
1970     18     0.03919
1970     19     0.06075
1970     20     0.08636
1970     21     0.11323
1970     22     0.13912
1970     23     0.15991
1970     24     0.17069
1970     25     0.16578
1970     26     0.16607
1970     27     0.16233
1970     28     0.14856
1970     29     0.13537
1970     30     0.12523
1970     31     0.11145
1970     32     0.10098
1970     33     0.08970
1970     34     0.07986
1970     35     0.07169
1970     36     0.06301
1970     37     0.05479
1970     38     0.04514
1970     39     0.03636
1970     40     0.02920
1970     41     0.02127
1970     42     0.01539
1970     43     0.00977
1970     44     0.00598
1970     45     0.00312
1970     46     0.00175
1970     47     0.00076
1970     48     0.00024
1970     49     0.00016
1970     50     0.00006
1970     51     0.00003
1970     52     0.00002
1970     53     0.00001
1970     54     0.00000
1970     55+    0.00000
1971     12-    0.00000
1971     13     0.00027
1971     14     0.00124
1971     15     0.00441
1971     16     0.01205
1971     17     0.02335
1971     18     0.04127
1971     19     0.06214
1971     20     0.08787
1971     21     0.11464
1971     22     0.13846
1971     23     0.15668
1971     24     0.17006
1971     25     0.17364
1971     26     0.16288
1971     27     0.15921
1971     28     0.15031
1971     29     0.13640
1971     30     0.12198
1971     31     0.11185
1971     32     0.09805
1971     33     0.08818
1971     34     0.07568
1971     35     0.06811
1971     36     0.05996
1971     37     0.05206
1971     38     0.04419
1971     39     0.03586
1971     40     0.02844
1971     41     0.02124
1971     42     0.01423
1971     43     0.00974
1971     44     0.00573
1971     45     0.00306
1971     46     0.00159
1971     47     0.00067
1971     48     0.00033
1971     49     0.00017
1971     50     0.00005
1971     51     0.00002
1971     52     0.00001
1971     53     0.00001
1971     54     0.00000
1971     55+    0.00000
1972     12-    0.00001
1972     13     0.00040
1972     14     0.00138
1972     15     0.00466
1972     16     0.01269
1972     17     0.02576
1972     18     0.04342
1972     19     0.06691
1972     20     0.09195
1972     21     0.11573
1972     22     0.13902
1972     23     0.15397
1972     24     0.16452
1972     25     0.16950
1972     26     0.16825
1972     27     0.15296
1972     28     0.14492
1972     29     0.13335
1972     30     0.12000
1972     31     0.10591
1972     32     0.09381
1972     33     0.08174
1972     34     0.07311
1972     35     0.06393
1972     36     0.05461
1972     37     0.04815
1972     38     0.04138
1972     39     0.03363
1972     40     0.02644
1972     41     0.01969
1972     42     0.01400
1972     43     0.00888
1972     44     0.00542
1972     45     0.00283
1972     46     0.00140
1972     47     0.00064
1972     48     0.00026
1972     49     0.00011
1972     50     0.00006
1972     51     0.00004
1972     52     0.00002
1972     53     0.00001
1972     54     0.00000
1972     55+    0.00000
1973     12-    0.00000
1973     13     0.00019
1973     14     0.00141
1973     15     0.00483
1973     16     0.01292
1973     17     0.02632
1973     18     0.04512
1973     19     0.06927
1973     20     0.09489
1973     21     0.11969
1973     22     0.14021
1973     23     0.15488
1973     24     0.16191
1973     25     0.16615
1973     26     0.16363
1973     27     0.15801
1973     28     0.14056
1973     29     0.12988
1973     30     0.11972
1973     31     0.10490
1973     32     0.09095
1973     33     0.08182
1973     34     0.07051
1973     35     0.06171
1973     36     0.05284
1973     37     0.04575
1973     38     0.03857
1973     39     0.03156
1973     40     0.02566
1973     41     0.01944
1973     42     0.01344
1973     43     0.00880
1973     44     0.00472
1973     45     0.00268
1973     46     0.00131
1973     47     0.00058
1973     48     0.00026
1973     49     0.00008
1973     50     0.00009
1973     51     0.00007
1973     52     0.00004
1973     53     0.00001
1973     54     0.00000
1973     55+    0.00000
1974     12-    0.00000
1974     13     0.00020
1974     14     0.00148
1974     15     0.00554
1974     16     0.01392
1974     17     0.02857
1974     18     0.04820
1974     19     0.07266
1974     20     0.09770
1974     21     0.12151
1974     22     0.14153
1974     23     0.15431
1974     24     0.16267
1974     25     0.16250
1974     26     0.16160
1974     27     0.15510
1974     28     0.14408
1974     29     0.12721
1974     30     0.11601
1974     31     0.10402
1974     32     0.09098
1974     33     0.07796
1974     34     0.06902
1974     35     0.05946
1974     36     0.05127
1974     37     0.04390
1974     38     0.03710
1974     39     0.03010
1974     40     0.02465
1974     41     0.01914
1974     42     0.01323
1974     43     0.00872
1974     44     0.00523
1974     45     0.00261
1974     46     0.00128
1974     47     0.00060
1974     48     0.00022
1974     49     0.00010
1974     50     0.00010
1974     51     0.00007
1974     52     0.00003
1974     53     0.00001
1974     54     0.00000
1974     55+    0.00000
1975     12-    0.00000
1975     13     0.00012
1975     14     0.00133
1975     15     0.00521
1975     16     0.01457
1975     17     0.02804
1975     18     0.04741
1975     19     0.07062
1975     20     0.09733
1975     21     0.11971
1975     22     0.13798
1975     23     0.14847
1975     24     0.15379
1975     25     0.15620
1975     26     0.15174
1975     27     0.14443
1975     28     0.13455
1975     29     0.12313
1975     30     0.10680
1975     31     0.09610
1975     32     0.08513
1975     33     0.07253
1975     34     0.06300
1975     35     0.05548
1975     36     0.04704
1975     37     0.03991
1975     38     0.03316
1975     39     0.02743
1975     40     0.02205
1975     41     0.01700
1975     42     0.01192
1975     43     0.00769
1975     44     0.00489
1975     45     0.00268
1975     46     0.00119
1975     47     0.00047
1975     48     0.00016
1975     49     0.00007
1975     50     0.00007
1975     51     0.00005
1975     52     0.00002
1975     53     0.00001
1975     54     0.00000
1975     55+    0.00000
1976     12-    0.00000
1976     13     0.00000
1976     14     0.00045
1976     15     0.00327
1976     16     0.01413
1976     17     0.02737
1976     18     0.04594
1976     19     0.07102
1976     20     0.09654
1976     21     0.11713
1976     22     0.13240
1976     23     0.14188
1976     24     0.14745
1976     25     0.14853
1976     26     0.14578
1976     27     0.13700
1976     28     0.12859
1976     29     0.11664
1976     30     0.10503
1976     31     0.08984
1976     32     0.08017
1976     33     0.07056
1976     34     0.06041
1976     35     0.05056
1976     36     0.04379
1976     37     0.03659
1976     38     0.03029
1976     39     0.02509
1976     40     0.01941
1976     41     0.01511
1976     42     0.01110
1976     43     0.00718
1976     44     0.00416
1976     45     0.00246
1976     46     0.00129
1976     47     0.00043
1976     48     0.00015
1976     49     0.00007
1976     50     0.00011
1976     51     0.00009
1976     52     0.00004
1976     53     0.00002
1976     54     0.00000
1976     55+    0.00000
1977     12-    0.00000
1977     13     0.00001
1977     14     0.00007
1977     15     0.00100
1977     16     0.01117
1977     17     0.02275
1977     18     0.03979
1977     19     0.06680
1977     20     0.08953
1977     21     0.11086
1977     22     0.12692
1977     23     0.13624
1977     24     0.14010
1977     25     0.14276
1977     26     0.13838
1977     27     0.13089
1977     28     0.11993
1977     29     0.11020
1977     30     0.09869
1977     31     0.08903
1977     32     0.07424
1977     33     0.06430
1977     34     0.05529
1977     35     0.04799
1977     36     0.03877
1977     37     0.03329
1977     38     0.02679
1977     39     0.02202
1977     40     0.01663
1977     41     0.01305
1977     42     0.00911
1977     43     0.00616
1977     44     0.00383
1977     45     0.00217
1977     46     0.00111
1977     47     0.00055
1977     48     0.00018
1977     49     0.00008
1977     50     0.00009
1977     51     0.00006
1977     52     0.00003
1977     53     0.00001
1977     54     0.00000
1977     55+    0.00000
1978     12-    0.00000
1978     13     0.00005
1978     14     0.00012
1978     15     0.00087
1978     16     0.01035
1978     17     0.02089
1978     18     0.03469
1978     19     0.06364
1978     20     0.08314
1978     21     0.10364
1978     22     0.11825
1978     23     0.13020
1978     24     0.13635
1978     25     0.13544
1978     26     0.13291
1978     27     0.12512
1978     28     0.11689
1978     29     0.10490
1978     30     0.09468
1978     31     0.08346
1978     32     0.07340
1978     33     0.06055
1978     34     0.05208
1978     35     0.04487
1978     36     0.03699
1978     37     0.02969
1978     38     0.02529
1978     39     0.01976
1978     40     0.01548
1978     41     0.01140
1978     42     0.00799
1978     43     0.00546
1978     44     0.00339
1978     45     0.00178
1978     46     0.00093
1978     47     0.00052
1978     48     0.00019
1978     49     0.00006
1978     50     0.00007
1978     51     0.00005
1978     52     0.00003
1978     53     0.00001
1978     54     0.00000
1978     55+    0.00000
1979     12-    0.00000
1979     13     0.00009
1979     14     0.00017
1979     15     0.00069
1979     16     0.00945
1979     17     0.01818
1979     18     0.03121
1979     19     0.06003
1979     20     0.07742
1979     21     0.09634
1979     22     0.11238
1979     23     0.12200
1979     24     0.12809
1979     25     0.13003
1979     26     0.12764
1979     27     0.11909
1979     28     0.11295
1979     29     0.10316
1979     30     0.08916
1979     31     0.07842
1979     32     0.06754
1979     33     0.05923
1979     34     0.04805
1979     35     0.04173
1979     36     0.03469
1979     37     0.02793
1979     38     0.02199
1979     39     0.01788
1979     40     0.01263
1979     41     0.00997
1979     42     0.00645
1979     43     0.00412
1979     44     0.00271
1979     45     0.00159
1979     46     0.00075
1979     47     0.00051
1979     48     0.00015
1979     49     0.00010
1979     50     0.00006
1979     51     0.00004
1979     52     0.00002
1979     53     0.00001
1979     54     0.00000
1979     55+    0.00000
1980     12-    0.00000
1980     13     0.00007
1980     14     0.00018
1980     15     0.00051
1980     16     0.00757
1980     17     0.01658
1980     18     0.02841
1980     19     0.05547
1980     20     0.07459
1980     21     0.08969
1980     22     0.10536
1980     23     0.11610
1980     24     0.12312
1980     25     0.12569
1980     26     0.12395
1980     27     0.11673
1980     28     0.10727
1980     29     0.09885
1980     30     0.08989
1980     31     0.07640
1980     32     0.06581
1980     33     0.05591
1980     34     0.04805
1980     35     0.03932
1980     36     0.03250
1980     37     0.02609
1980     38     0.02068
1980     39     0.01638
1980     40     0.01242
1980     41     0.00862
1980     42     0.00585
1980     43     0.00368
1980     44     0.00213
1980     45     0.00121
1980     46     0.00066
1980     47     0.00034
1980     48     0.00015
1980     49     0.00010
1980     50     0.00006
1980     51     0.00004
1980     52     0.00002
1980     53     0.00001
1980     54     0.00000
1980     55+    0.00000
1981     12-    0.00000
1981     13     0.00000
1981     14     0.00006
1981     15     0.00045
1981     16     0.00645
1981     17     0.01372
1981     18     0.02496
1981     19     0.04923
1981     20     0.06595
1981     21     0.08391
1981     22     0.09747
1981     23     0.10863
1981     24     0.11449
1981     25     0.11781
1981     26     0.11734
1981     27     0.11330
1981     28     0.10376
1981     29     0.09528
1981     30     0.08600
1981     31     0.07524
1981     32     0.06393
1981     33     0.05373
1981     34     0.04550
1981     35     0.03768
1981     36     0.03145
1981     37     0.02517
1981     38     0.01961
1981     39     0.01534
1981     40     0.01103
1981     41     0.00778
1981     42     0.00540
1981     43     0.00339
1981     44     0.00197
1981     45     0.00109
1981     46     0.00056
1981     47     0.00029
1981     48     0.00014
1981     49     0.00008
1981     50     0.00004
1981     51     0.00002
1981     52     0.00001
1981     53     0.00000
1981     54     0.00000
1981     55+    0.00000
1982     12-    0.00000
1982     13     0.00004
1982     14     0.00005
1982     15     0.00029
1982     16     0.00644
1982     17     0.01341
1982     18     0.02350
1982     19     0.04587
1982     20     0.06415
1982     21     0.08189
1982     22     0.09680
1982     23     0.10763
1982     24     0.11537
1982     25     0.11890
1982     26     0.11705
1982     27     0.11398
1982     28     0.10672
1982     29     0.09701
1982     30     0.08865
1982     31     0.07704
1982     32     0.06550
1982     33     0.05533
1982     34     0.04607
1982     35     0.03796
1982     36     0.03214
1982     37     0.02475
1982     38     0.01964
1982     39     0.01517
1982     40     0.01128
1982     41     0.00738
1982     42     0.00508
1982     43     0.00305
1982     44     0.00171
1982     45     0.00095
1982     46     0.00057
1982     47     0.00025
1982     48     0.00014
1982     49     0.00005
1982     50     0.00010
1982     51     0.00008
1982     52     0.00004
1982     53     0.00001
1982     54     0.00000
1982     55+    0.00000
1983     12-    0.00000
1983     13     0.00001
1983     14     0.00004
1983     15     0.00018
1983     16     0.00545
1983     17     0.01174
1983     18     0.02059
1983     19     0.04075
1983     20     0.05769
1983     21     0.07542
1983     22     0.09063
1983     23     0.10245
1983     24     0.11011
1983     25     0.11344
1983     26     0.11373
1983     27     0.10983
1983     28     0.10331
1983     29     0.09655
1983     30     0.08583
1983     31     0.07594
1983     32     0.06556
1983     33     0.05548
1983     34     0.04597
1983     35     0.03848
1983     36     0.03030
1983     37     0.02505
1983     38     0.01910
1983     39     0.01467
1983     40     0.01029
1983     41     0.00717
1983     42     0.00477
1983     43     0.00300
1983     44     0.00164
1983     45     0.00082
1983     46     0.00045
1983     47     0.00019
1983     48     0.00010
1983     49     0.00006
1983     50     0.00008
1983     51     0.00006
1983     52     0.00003
1983     53     0.00001
1983     54     0.00000
1983     55+    0.00000
1984     12-    0.00000
1984     13     0.00000
1984     14     0.00002
1984     15     0.00020
1984     16     0.00518
1984     17     0.01015
1984     18     0.01871
1984     19     0.03671
1984     20     0.05218
1984     21     0.06869
1984     22     0.08338
1984     23     0.09598
1984     24     0.10569
1984     25     0.10904
1984     26     0.11051
1984     27     0.10764
1984     28     0.10212
1984     29     0.09449
1984     30     0.08554
1984     31     0.07529
1984     32     0.06534
1984     33     0.05554
1984     34     0.04723
1984     35     0.03817
1984     36     0.03091
1984     37     0.02374
1984     38     0.01897
1984     39     0.01432
1984     40     0.01017
1984     41     0.00698
1984     42     0.00457
1984     43     0.00278
1984     44     0.00153
1984     45     0.00085
1984     46     0.00036
1984     47     0.00021
1984     48     0.00009
1984     49     0.00005
1984     50     0.00007
1984     51     0.00005
1984     52     0.00002
1984     53     0.00001
1984     54     0.00000
1984     55+    0.00000
1985     12-    0.00000
1985     13     0.00001
1985     14     0.00004
1985     15     0.00016
1985     16     0.00388
1985     17     0.00755
1985     18     0.01764
1985     19     0.03317
1985     20     0.04720
1985     21     0.06213
1985     22     0.07865
1985     23     0.09076
1985     24     0.10117
1985     25     0.10806
1985     26     0.10876
1985     27     0.10733
1985     28     0.10131
1985     29     0.09534
1985     30     0.08526
1985     31     0.07670
1985     32     0.06618
1985     33     0.05616
1985     34     0.04739
1985     35     0.03928
1985     36     0.03107
1985     37     0.02379
1985     38     0.01845
1985     39     0.01416
1985     40     0.01019
1985     41     0.00680
1985     42     0.00446
1985     43     0.00279
1985     44     0.00150
1985     45     0.00084
1985     46     0.00036
1985     47     0.00015
1985     48     0.00008
1985     49     0.00007
1985     50     0.00002
1985     51     0.00001
1985     52     0.00001
1985     53     0.00000
1985     54     0.00000
1985     55+    0.00000
1986     12-    0.00000
1986     13     0.00001
1986     14     0.00006
1986     15     0.00017
1986     16     0.00311
1986     17     0.00467
1986     18     0.01578
1986     19     0.03019
1986     20     0.04251
1986     21     0.05581
1986     22     0.07001
1986     23     0.08280
1986     24     0.09337
1986     25     0.10168
1986     26     0.10404
1986     27     0.10271
1986     28     0.09819
1986     29     0.09150
1986     30     0.08476
1986     31     0.07463
1986     32     0.06432
1986     33     0.05478
1986     34     0.04761
1986     35     0.03833
1986     36     0.03089
1986     37     0.02304
1986     38     0.01786
1986     39     0.01290
1986     40     0.00972
1986     41     0.00652
1986     42     0.00433
1986     43     0.00256
1986     44     0.00133
1986     45     0.00075
1986     46     0.00036
1986     47     0.00018
1986     48     0.00008
1986     49     0.00005
1986     50     0.00001
1986     51     0.00000
1986     52     0.00000
1986     53     0.00000
1986     54     0.00000
1986     55+    0.00000
1987     12-    0.00000
1987     13     0.00000
1987     14     0.00005
1987     15     0.00015
1987     16     0.00344
1987     17     0.00536
1987     18     0.01338
1987     19     0.02812
1987     20     0.03949
1987     21     0.05080
1987     22     0.06497
1987     23     0.07819
1987     24     0.09042
1987     25     0.09789
1987     26     0.10135
1987     27     0.10243
1987     28     0.09734
1987     29     0.09271
1987     30     0.08485
1987     31     0.07536
1987     32     0.06531
1987     33     0.05654
1987     34     0.04818
1987     35     0.03958
1987     36     0.03189
1987     37     0.02530
1987     38     0.01863
1987     39     0.01343
1987     40     0.00961
1987     41     0.00689
1987     42     0.00429
1987     43     0.00256
1987     44     0.00139
1987     45     0.00071
1987     46     0.00040
1987     47     0.00020
1987     48     0.00006
1987     49     0.00004
1987     50     0.00002
1987     51     0.00001
1987     52     0.00001
1987     53     0.00000
1987     54     0.00000
1987     55+    0.00000
1988     12-    0.00000
1988     13     0.00002
1988     14     0.00003
1988     15     0.00014
1988     16     0.00378
1988     17     0.00779
1988     18     0.01334
1988     19     0.02524
1988     20     0.03610
1988     21     0.04829
1988     22     0.06119
1988     23     0.07510
1988     24     0.08757
1988     25     0.09761
1988     26     0.10361
1988     27     0.10487
1988     28     0.10285
1988     29     0.09663
1988     30     0.08952
1988     31     0.08037
1988     32     0.07044
1988     33     0.06078
1988     34     0.05167
1988     35     0.04326
1988     36     0.03463
1988     37     0.02662
1988     38     0.02032
1988     39     0.01442
1988     40     0.01028
1988     41     0.00685
1988     42     0.00459
1988     43     0.00263
1988     44     0.00143
1988     45     0.00080
1988     46     0.00037
1988     47     0.00021
1988     48     0.00010
1988     49     0.00005
1988     50     0.00002
1988     51     0.00001
1988     52     0.00001
1988     53     0.00000
1988     54     0.00000
1988     55+    0.00000
1989     12-    0.00000
1989     13     0.00002
1989     14     0.00003
1989     15     0.00010
1989     16     0.00363
1989     17     0.00707
1989     18     0.01267
1989     19     0.02386
1989     20     0.03340
1989     21     0.04530
1989     22     0.05721
1989     23     0.06870
1989     24     0.08161
1989     25     0.09271
1989     26     0.10005
1989     27     0.10201
1989     28     0.10175
1989     29     0.09701
1989     30     0.08947
1989     31     0.07986
1989     32     0.06992
1989     33     0.06128
1989     34     0.05154
1989     35     0.04297
1989     36     0.03488
1989     37     0.02750
1989     38     0.02051
1989     39     0.01535
1989     40     0.01007
1989     41     0.00685
1989     42     0.00399
1989     43     0.00274
1989     44     0.00148
1989     45     0.00077
1989     46     0.00041
1989     47     0.00019
1989     48     0.00010
1989     49     0.00008
1989     50     0.00000
1989     51     0.00000
1989     52     0.00000
1989     53     0.00000
1989     54     0.00000
1989     55+    0.00000
1990     12-    0.00000
1990     13     0.00000
1990     14     0.00002
1990     15     0.00017
1990     16     0.00344
1990     17     0.00675
1990     18     0.01180
1990     19     0.02222
1990     20     0.03143
1990     21     0.04328
1990     22     0.05513
1990     23     0.06762
1990     24     0.07853
1990     25     0.09034
1990     26     0.09852
1990     27     0.10294
1990     28     0.10241
1990     29     0.09943
1990     30     0.09308
1990     31     0.08458
1990     32     0.07387
1990     33     0.06342
1990     34     0.05368
1990     35     0.04478
1990     36     0.03644
1990     37     0.02812
1990     38     0.02195
1990     39     0.01594
1990     40     0.01146
1990     41     0.00728
1990     42     0.00455
1990     43     0.00256
1990     44     0.00159
1990     45     0.00076
1990     46     0.00038
1990     47     0.00009
1990     48     0.00001
1990     49     0.00002
1990     50     0.00000
1990     51     0.00000
1990     52     0.00000
1990     53     0.00000
1990     54     0.00000
1990     55+    0.00000
1991     12-    0.00000
1991     13     0.00001
1991     14     0.00001
1991     15     0.00004
1991     16     0.00322
1991     17     0.00580
1991     18     0.01147
1991     19     0.02070
1991     20     0.02950
1991     21     0.04016
1991     22     0.05124
1991     23     0.06360
1991     24     0.07514
1991     25     0.08456
1991     26     0.09358
1991     27     0.09906
1991     28     0.10032
1991     29     0.09664
1991     30     0.09292
1991     31     0.08457
1991     32     0.07398
1991     33     0.06417
1991     34     0.05461
1991     35     0.04528
1991     36     0.03692
1991     37     0.02908
1991     38     0.02172
1991     39     0.01597
1991     40     0.01102
1991     41     0.00768
1991     42     0.00450
1991     43     0.00264
1991     44     0.00145
1991     45     0.00065
1991     46     0.00024
1991     47     0.00006
1991     48     0.00002
1991     49     0.00001
1991     50     0.00000
1991     51     0.00000
1991     52     0.00000
1991     53     0.00000
1991     54     0.00000
1991     55+    0.00000
1992     12-    0.00000
1992     13     0.00002
1992     14     0.00002
1992     15     0.00016
1992     16     0.00327
1992     17     0.00518
1992     18     0.00974
1992     19     0.01876
1992     20     0.02704
1992     21     0.03728
1992     22     0.04811
1992     23     0.05929
1992     24     0.07225
1992     25     0.08243
1992     26     0.09194
1992     27     0.09863
1992     28     0.09989
1992     29     0.09835
1992     30     0.09416
1992     31     0.08579
1992     32     0.07585
1992     33     0.06589
1992     34     0.05642
1992     35     0.04696
1992     36     0.03837
1992     37     0.03035
1992     38     0.02301
1992     39     0.01699
1992     40     0.01202
1992     41     0.00828
1992     42     0.00513
1992     43     0.00272
1992     44     0.00148
1992     45     0.00079
1992     46     0.00054
1992     47     0.00029
1992     48     0.00008
1992     49     0.00005
1992     50     0.00004
1992     51     0.00002
1992     52     0.00001
1992     53     0.00001
1992     54     0.00000
1992     55+    0.00000
1993     12-    0.00000
1993     13     0.00001
1993     14     0.00003
1993     15     0.00007
1993     16     0.00319
1993     17     0.00625
1993     18     0.01032
1993     19     0.01769
1993     20     0.02464
1993     21     0.03358
1993     22     0.04317
1993     23     0.05506
1993     24     0.06602
1993     25     0.07680
1993     26     0.08624
1993     27     0.09153
1993     28     0.09478
1993     29     0.09568
1993     30     0.09192
1993     31     0.08379
1993     32     0.07475
1993     33     0.06520
1993     34     0.05541
1993     35     0.04659
1993     36     0.03814
1993     37     0.02948
1993     38     0.02257
1993     39     0.01692
1993     40     0.01172
1993     41     0.00779
1993     42     0.00469
1993     43     0.00289
1993     44     0.00141
1993     45     0.00076
1993     46     0.00029
1993     47     0.00018
1993     48     0.00007
1993     49     0.00002
1993     50     0.00002
1993     51     0.00002
1993     52     0.00001
1993     53     0.00001
1993     54     0.00000
1993     55+    0.00000
1994     12-    0.00000
1994     13     0.00000
1994     14     0.00001
1994     15     0.00010
1994     16     0.00336
1994     17     0.00570
1994     18     0.00975
1994     19     0.01578
1994     20     0.02247
1994     21     0.03034
1994     22     0.03894
1994     23     0.04964
1994     24     0.06075
1994     25     0.07180
1994     26     0.08079
1994     27     0.08753
1994     28     0.09190
1994     29     0.09276
1994     30     0.09068
1994     31     0.08443
1994     32     0.07454
1994     33     0.06571
1994     34     0.05643
1994     35     0.04712
1994     36     0.03840
1994     37     0.03001
1994     38     0.02304
1994     39     0.01665
1994     40     0.01195
1994     41     0.00779
1994     42     0.00507
1994     43     0.00294
1994     44     0.00157
1994     45     0.00080
1994     46     0.00032
1994     47     0.00011
1994     48     0.00005
1994     49     0.00004
1994     50     0.00004
1994     51     0.00003
1994     52     0.00001
1994     53     0.00001
1994     54     0.00000
1994     55+    0.00000
1995     12-    0.00000
1995     13     0.00000
1995     14     0.00001
1995     15     0.00010
1995     16     0.00325
1995     17     0.00581
1995     18     0.00889
1995     19     0.01461
1995     20     0.02005
1995     21     0.02645
1995     22     0.03503
1995     23     0.04445
1995     24     0.05540
1995     25     0.06637
1995     26     0.07588
1995     27     0.08469
1995     28     0.08930
1995     29     0.09035
1995     30     0.09030
1995     31     0.08536
1995     32     0.07757
1995     33     0.06707
1995     34     0.05903
1995     35     0.04890
1995     36     0.03977
1995     37     0.03085
1995     38     0.02364
1995     39     0.01762
1995     40     0.01247
1995     41     0.00844
1995     42     0.00517
1995     43     0.00321
1995     44     0.00192
1995     45     0.00083
1995     46     0.00029
1995     47     0.00017
1995     48     0.00005
1995     49     0.00001
1995     50     0.00001
1995     51     0.00000
1995     52     0.00000
1995     53     0.00000
1995     54     0.00000
1995     55+    0.00000
1996     12-    0.00000
1996     13     0.00000
1996     14     0.00001
1996     15     0.00005
1996     16     0.00335
1996     17     0.00570
1996     18     0.00909
1996     19     0.01457
1996     20     0.02001
1996     21     0.02706
1996     22     0.03375
1996     23     0.04265
1996     24     0.05324
1996     25     0.06434
1996     26     0.07574
1996     27     0.08421
1996     28     0.09017
1996     29     0.09399
1996     30     0.09315
1996     31     0.08803
1996     32     0.08109
1996     33     0.07112
1996     34     0.06120
1996     35     0.05183
1996     36     0.04232
1996     37     0.03291
1996     38     0.02521
1996     39     0.01844
1996     40     0.01298
1996     41     0.00881
1996     42     0.00558
1996     43     0.00321
1996     44     0.00176
1996     45     0.00087
1996     46     0.00044
1996     47     0.00021
1996     48     0.00008
1996     49     0.00006
1996     50     0.00000
1996     51     0.00000
1996     52     0.00000
1996     53     0.00000
1996     54     0.00000
1996     55+    0.00000
1997     12-    0.00000
1997     13     0.00000
1997     14     0.00003
1997     15     0.00013
1997     16     0.00320
1997     17     0.00594
1997     18     0.00873
1997     19     0.01409
1997     20     0.01958
1997     21     0.02572
1997     22     0.03258
1997     23     0.04124
1997     24     0.05100
1997     25     0.06200
1997     26     0.07335
1997     27     0.08237
1997     28     0.08900
1997     29     0.09787
1997     30     0.09391
1997     31     0.08904
1997     32     0.08232
1997     33     0.07358
1997     34     0.06440
1997     35     0.05373
1997     36     0.04452
1997     37     0.03517
1997     38     0.02640
1997     39     0.01989
1997     40     0.01393
1997     41     0.00960
1997     42     0.00612
1997     43     0.00358
1997     44     0.00199
1997     45     0.00115
1997     46     0.00047
1997     47     0.00018
1997     48     0.00005
1997     49     0.00003
1997     50     0.00002
1997     51     0.00001
1997     52     0.00001
1997     53     0.00000
1997     54     0.00000
1997     55+    0.00000
1998     12-    0.00000
1998     13     0.00000
1998     14     0.00000
1998     15     0.00011
1998     16     0.00281
1998     17     0.00528
1998     18     0.00829
1998     19     0.01326
1998     20     0.01786
1998     21     0.02418
1998     22     0.03159
1998     23     0.03944
1998     24     0.05035
1998     25     0.06088
1998     26     0.07039
1998     27     0.08189
1998     28     0.08936
1998     29     0.09238
1998     30     0.09420
1998     31     0.08884
1998     32     0.08226
1998     33     0.07464
1998     34     0.06583
1998     35     0.05546
1998     36     0.04553
1998     37     0.03546
1998     38     0.02738
1998     39     0.01988
1998     40     0.01432
1998     41     0.00964
1998     42     0.00629
1998     43     0.00350
1998     44     0.00154
1998     45     0.00050
1998     46     0.00027
1998     47     0.00015
1998     48     0.00005
1998     49     0.00007
1998     50     0.00003
1998     51     0.00002
1998     52     0.00001
1998     53     0.00000
1998     54     0.00000
1998     55+    0.00000
1999     12-    0.00000
1999     13     0.00000
1999     14     0.00001
1999     15     0.00013
1999     16     0.00309
1999     17     0.00585
1999     18     0.00957
1999     19     0.01522
1999     20     0.01976
1999     21     0.02595
1999     22     0.03208
1999     23     0.03918
1999     24     0.04743
1999     25     0.05707
1999     26     0.06783
1999     27     0.08017
1999     28     0.08599
1999     29     0.09144
1999     30     0.09316
1999     31     0.09167
1999     32     0.08537
1999     33     0.07789
1999     34     0.06835
1999     35     0.05791
1999     36     0.05028
1999     37     0.03763
1999     38     0.02952
1999     39     0.02147
1999     40     0.01571
1999     41     0.01044
1999     42     0.00638
1999     43     0.00351
1999     44     0.00163
1999     45     0.00063
1999     46     0.00034
1999     47     0.00015
1999     48     0.00007
1999     49     0.00008
1999     50     0.00003
1999     51     0.00002
1999     52     0.00001
1999     53     0.00000
1999     54     0.00000
1999     55+    0.00000
2000     12-    0.00000
2000     13     0.00000
2000     14     0.00001
2000     15     0.00013
2000     16     0.00310
2000     17     0.00583
2000     18     0.00946
2000     19     0.01510
2000     20     0.02017
2000     21     0.02615
2000     22     0.03251
2000     23     0.04007
2000     24     0.04847
2000     25     0.05625
2000     26     0.06690
2000     27     0.07881
2000     28     0.08635
2000     29     0.09175
2000     30     0.09438
2000     31     0.09276
2000     32     0.08907
2000     33     0.08158
2000     34     0.07090
2000     35     0.06090
2000     36     0.05185
2000     37     0.03973
2000     38     0.03082
2000     39     0.02248
2000     40     0.01628
2000     41     0.01090
2000     42     0.00671
2000     43     0.00372
2000     44     0.00174
2000     45     0.00065
2000     46     0.00036
2000     47     0.00015
2000     48     0.00008
2000     49     0.00009
2000     50     0.00003
2000     51     0.00002
2000     52     0.00001
2000     53     0.00000
2000     54     0.00000
2000     55+    0.00000
2001     12-    0.00000
2001     13     0.00000
2001     14     0.00001
2001     15     0.00012
2001     16     0.00295
2001     17     0.00566
2001     18     0.00917
2001     19     0.01456
2001     20     0.01952
2001     21     0.02611
2001     22     0.03214
2001     23     0.04003
2001     24     0.04891
2001     25     0.05670
2001     26     0.06453
2001     27     0.07624
2001     28     0.08381
2001     29     0.08868
2001     30     0.09293
2001     31     0.09088
2001     32     0.08826
2001     33     0.08156
2001     34     0.07128
2001     35     0.06425
2001     36     0.05268
2001     37     0.04120
2001     38     0.03271
2001     39     0.02368
2001     40     0.01693
2001     41     0.01115
2001     42     0.00698
2001     43     0.00393
2001     44     0.00185
2001     45     0.00069
2001     46     0.00036
2001     47     0.00016
2001     48     0.00009
2001     49     0.00009
2001     50     0.00004
2001     51     0.00002
2001     52     0.00001
2001     53     0.00000
2001     54     0.00000
2001     55+    0.00000
2002     12-    0.00000
2002     13     0.00000
2002     14     0.00001
2002     15     0.00012
2002     16     0.00286
2002     17     0.00542
2002     18     0.00897
2002     19     0.01422
2002     20     0.01890
2002     21     0.02536
2002     22     0.03219
2002     23     0.03959
2002     24     0.04880
2002     25     0.05700
2002     26     0.06469
2002     27     0.07313
2002     28     0.08348
2002     29     0.08797
2002     30     0.09465
2002     31     0.09244
2002     32     0.09124
2002     33     0.08410
2002     34     0.07381
2002     35     0.06711
2002     36     0.05457
2002     37     0.04402
2002     38     0.03419
2002     39     0.02532
2002     40     0.01795
2002     41     0.01184
2002     42     0.00724
2002     43     0.00412
2002     44     0.00196
2002     45     0.00074
2002     46     0.00038
2002     47     0.00017
2002     48     0.00010
2002     49     0.00010
2002     50     0.00004
2002     51     0.00002
2002     52     0.00001
2002     53     0.00000
2002     54     0.00000
2002     55+    0.00000
2003     12-    0.00000
2003     13     0.00000
2003     14     0.00001
2003     15     0.00013
2003     16     0.00301
2003     17     0.00577
2003     18     0.00980
2003     19     0.01529
2003     20     0.01960
2003     21     0.02537
2003     22     0.03061
2003     23     0.03788
2003     24     0.04550
2003     25     0.05407
2003     26     0.06402
2003     27     0.07375
2003     28     0.08084
2003     29     0.08829
2003     30     0.09418
2003     31     0.09482
2003     32     0.09257
2003     33     0.08629
2003     34     0.07820
2003     35     0.06907
2003     36     0.05879
2003     37     0.04758
2003     38     0.03634
2003     39     0.02698
2003     40     0.01984
2003     41     0.01294
2003     42     0.00739
2003     43     0.00417
2003     44     0.00208
2003     45     0.00093
2003     46     0.00051
2003     47     0.00018
2003     48     0.00013
2003     49     0.00013
2003     50     0.00005
2003     51     0.00002
2003     52     0.00001
2003     53     0.00000
2003     54     0.00000
2003     55+    0.00000
2004     12-    0.00000
2004     13     0.00000
2004     14     0.00004
2004     15     0.00012
2004     16     0.00309
2004     17     0.00626
2004     18     0.01004
2004     19     0.01592
2004     20     0.02153
2004     21     0.02683
2004     22     0.03347
2004     23     0.03977
2004     24     0.04783
2004     25     0.05660
2004     26     0.06544
2004     27     0.07459
2004     28     0.08353
2004     29     0.08928
2004     30     0.09518
2004     31     0.09719
2004     32     0.09542
2004     33     0.08995
2004     34     0.08159
2004     35     0.07232
2004     36     0.06241
2004     37     0.05010
2004     38     0.03868
2004     39     0.02963
2004     40     0.02084
2004     41     0.01344
2004     42     0.00831
2004     43     0.00449
2004     44     0.00221
2004     45     0.00106
2004     46     0.00051
2004     47     0.00026
2004     48     0.00015
2004     49     0.00008
2004     50     0.00012
2004     51     0.00009
2004     52     0.00004
2004     53     0.00001
2004     54     0.00000
2004     55+    0.00000
2005     12-    0.00000
2005     13     0.00000
2005     14     0.00001
2005     15     0.00010
2005     16     0.00293
2005     17     0.00601
2005     18     0.01012
2005     19     0.01566
2005     20     0.02136
2005     21     0.02691
2005     22     0.03278
2005     23     0.03938
2005     24     0.04697
2005     25     0.05619
2005     26     0.06538
2005     27     0.07328
2005     28     0.08163
2005     29     0.08837
2005     30     0.09307
2005     31     0.09443
2005     32     0.09384
2005     33     0.08961
2005     34     0.08153
2005     35     0.07386
2005     36     0.06229
2005     37     0.05101
2005     38     0.03989
2005     39     0.03063
2005     40     0.02169
2005     41     0.01438
2005     42     0.00870
2005     43     0.00491
2005     44     0.00243
2005     45     0.00113
2005     46     0.00053
2005     47     0.00025
2005     48     0.00013
2005     49     0.00011
2005     50     0.00014
2005     51     0.00010
2005     52     0.00004
2005     53     0.00001
2005     54     0.00000
2005     55+    0.00000
2006     12-    0.00000
2006     13     0.00000
2006     14     0.00002
2006     15     0.00008
2006     16     0.00272
2006     17     0.00552
2006     18     0.00968
2006     19     0.01634
2006     20     0.02186
2006     21     0.02692
2006     22     0.03321
2006     23     0.04015
2006     24     0.04787
2006     25     0.05631
2006     26     0.06540
2006     27     0.07492
2006     28     0.08311
2006     29     0.08885
2006     30     0.09387
2006     31     0.09629
2006     32     0.09537
2006     33     0.09215
2006     34     0.08592
2006     35     0.07662
2006     36     0.06616
2006     37     0.05344
2006     38     0.04176
2006     39     0.03252
2006     40     0.02315
2006     41     0.01520
2006     42     0.00927
2006     43     0.00542
2006     44     0.00274
2006     45     0.00128
2006     46     0.00064
2006     47     0.00026
2006     48     0.00016
2006     49     0.00011
2006     50     0.00012
2006     51     0.00008
2006     52     0.00003
2006     53     0.00001
2006     54     0.00000
2006     55+    0.00000
2007     12-    0.00000
2007     13     0.00000
2007     14     0.00001
2007     15     0.00011
2007     16     0.00267
2007     17     0.00539
2007     18     0.00968
2007     19     0.01597
2007     20     0.02328
2007     21     0.02830
2007     22     0.03420
2007     23     0.03980
2007     24     0.04775
2007     25     0.05653
2007     26     0.06570
2007     27     0.07521
2007     28     0.08267
2007     29     0.08973
2007     30     0.09574
2007     31     0.09717
2007     32     0.09639
2007     33     0.09350
2007     34     0.08713
2007     35     0.07897
2007     36     0.06837
2007     37     0.05549
2007     38     0.04441
2007     39     0.03373
2007     40     0.02479
2007     41     0.01638
2007     42     0.00999
2007     43     0.00569
2007     44     0.00298
2007     45     0.00145
2007     46     0.00075
2007     47     0.00038
2007     48     0.00020
2007     49     0.00017
2007     50     0.00019
2007     51     0.00012
2007     52     0.00005
2007     53     0.00001
2007     54     0.00000
2007     55+    0.00000
2008     12-    0.00000
2008     13     0.00000
2008     14     0.00003
2008     15     0.00012
2008     16     0.00301
2008     17     0.00563
2008     18     0.01023
2008     19     0.01647
2008     20     0.02337
2008     21     0.03002
2008     22     0.03521
2008     23     0.04164
2008     24     0.04947
2008     25     0.05703
2008     26     0.06614
2008     27     0.07626
2008     28     0.08576
2008     29     0.09184
2008     30     0.09666
2008     31     0.09919
2008     32     0.09948
2008     33     0.09515
2008     34     0.08926
2008     35     0.08158
2008     36     0.07226
2008     37     0.05923
2008     38     0.04762
2008     39     0.03602
2008     40     0.02583
2008     41     0.01777
2008     42     0.01089
2008     43     0.00583
2008     44     0.00323
2008     45     0.00167
2008     46     0.00082
2008     47     0.00038
2008     48     0.00023
2008     49     0.00017
2008     50     0.00014
2008     51     0.00008
2008     52     0.00003
2008     53     0.00001
2008     54     0.00000
2008     55+    0.00000
2009     12-    0.00000
2009     13     0.00004
2009     14     0.00002
2009     15     0.00011
2009     16     0.00285
2009     17     0.00546
2009     18     0.00919
2009     19     0.01616
2009     20     0.02254
2009     21     0.02923
2009     22     0.03605
2009     23     0.04184
2009     24     0.04861
2009     25     0.05764
2009     26     0.06629
2009     27     0.07502
2009     28     0.08430
2009     29     0.09176
2009     30     0.09637
2009     31     0.09815
2009     32     0.09896
2009     33     0.09448
2009     34     0.08919
2009     35     0.08266
2009     36     0.07233
2009     37     0.06007
2009     38     0.04799
2009     39     0.03697
2009     40     0.02735
2009     41     0.01825
2009     42     0.01166
2009     43     0.00645
2009     44     0.00351
2009     45     0.00182
2009     46     0.00090
2009     47     0.00049
2009     48     0.00038
2009     49     0.00020
2009     50     0.00020
2009     51     0.00012
2009     52     0.00005
2009     53     0.00001
2009     54     0.00000
2009     55+    0.00000
2010     12-    0.00000
2010     13     0.00000
2010     14     0.00000
2010     15     0.00006
2010     16     0.00257
2010     17     0.00519
2010     18     0.00889
2010     19     0.01563
2010     20     0.02111
2010     21     0.02784
2010     22     0.03430
2010     23     0.04174
2010     24     0.04837
2010     25     0.05583
2010     26     0.06567
2010     27     0.07480
2010     28     0.08373
2010     29     0.09240
2010     30     0.09785
2010     31     0.09895
2010     32     0.09921
2010     33     0.09505
2010     34     0.09007
2010     35     0.08285
2010     36     0.07383
2010     37     0.06102
2010     38     0.04997
2010     39     0.03830
2010     40     0.02801
2010     41     0.01920
2010     42     0.01179
2010     43     0.00686
2010     44     0.00391
2010     45     0.00193
2010     46     0.00102
2010     47     0.00054
2010     48     0.00031
2010     49     0.00019
2010     50     0.00023
2010     51     0.00015
2010     52     0.00005
2010     53     0.00002
2010     54     0.00000
2010     55+    0.00000
2011     12-    0.00000
2011     13     0.00005
2011     14     0.00004
2011     15     0.00007
2011     16     0.00272
2011     17     0.00492
2011     18     0.00854
2011     19     0.01487
2011     20     0.02070
2011     21     0.02663
2011     22     0.03338
2011     23     0.03960
2011     24     0.04738
2011     25     0.05474
2011     26     0.06371
2011     27     0.07341
2011     28     0.08128
2011     29     0.08998
2011     30     0.09605
2011     31     0.09837
2011     32     0.09746
2011     33     0.09475
2011     34     0.09025
2011     35     0.08238
2011     36     0.07348
2011     37     0.06206
2011     38     0.04981
2011     39     0.03892
2011     40     0.02895
2011     41     0.01988
2011     42     0.01259
2011     43     0.00725
2011     44     0.00390
2011     45     0.00233
2011     46     0.00111
2011     47     0.00066
2011     48     0.00040
2011     49     0.00025
2011     50     0.00026
2011     51     0.00015
2011     52     0.00005
2011     53     0.00002
2011     54     0.00000
2011     55+    0.00000
2012     12-    0.00000
2012     13     0.00002
2012     14     0.00004
2012     15     0.00009
2012     16     0.00272
2012     17     0.00489
2012     18     0.00855
2012     19     0.01468
2012     20     0.02024
2012     21     0.02614
2012     22     0.03279
2012     23     0.03872
2012     24     0.04647
2012     25     0.05583
2012     26     0.06385
2012     27     0.07255
2012     28     0.08103
2012     29     0.08805
2012     30     0.09577
2012     31     0.09818
2012     32     0.09808
2012     33     0.09389
2012     34     0.08928
2012     35     0.08142
2012     36     0.07240
2012     37     0.06161
2012     38     0.05019
2012     39     0.03939
2012     40     0.02983
2012     41     0.02033
2012     42     0.01263
2012     43     0.00770
2012     44     0.00432
2012     45     0.00237
2012     46     0.00132
2012     47     0.00077
2012     48     0.00041
2012     49     0.00029
2012     50     0.00031
2012     51     0.00018
2012     52     0.00006
2012     53     0.00002
2012     54     0.00000
2012     55+    0.00000
2013     12-    0.00000
2013     13     0.00000
2013     14     0.00005
2013     15     0.00020
2013     16     0.00225
2013     17     0.00447
2013     18     0.00824
2013     19     0.01373
2013     20     0.01908
2013     21     0.02507
2013     22     0.03003
2013     23     0.03729
2013     24     0.04429
2013     25     0.05320
2013     26     0.06298
2013     27     0.07036
2013     28     0.07890
2013     29     0.08671
2013     30     0.09310
2013     31     0.09704
2013     32     0.09598
2013     33     0.09280
2013     34     0.08781
2013     35     0.08033
2013     36     0.07155
2013     37     0.06092
2013     38     0.04949
2013     39     0.03980
2013     40     0.02971
2013     41     0.02096
2013     42     0.01346
2013     43     0.00796
2013     44     0.00436
2013     45     0.00239
2013     46     0.00136
2013     47     0.00088
2013     48     0.00045
2013     49     0.00034
2013     50     0.00033
2013     51     0.00019
2013     52     0.00006
2013     53     0.00002
2013     54     0.00000
2013     55+    0.00000
2014     12-    0.00000
2014     13     0.00000
2014     14     0.00004
2014     15     0.00023
2014     16     0.00236
2014     17     0.00456
2014     18     0.00795
2014     19     0.01319
2014     20     0.01873
2014     21     0.02408
2014     22     0.02981
2014     23     0.03549
2014     24     0.04354
2014     25     0.05108
2014     26     0.06092
2014     27     0.07145
2014     28     0.07870
2014     29     0.08707
2014     30     0.09368
2014     31     0.09536
2014     32     0.09756
2014     33     0.09412
2014     34     0.08862
2014     35     0.08210
2014     36     0.07136
2014     37     0.06081
2014     38     0.04962
2014     39     0.03959
2014     40     0.02980
2014     41     0.02063
2014     42     0.01344
2014     43     0.00796
2014     44     0.00473
2014     45     0.00255
2014     46     0.00148
2014     47     0.00088
2014     48     0.00042
2014     49     0.00032
2014     50     0.00023
2014     51     0.00016
2014     52     0.00009
2014     53     0.00006
2014     54     0.00004
2014     55+    0.00007
2015     12-    0.00000
2015     13     0.00000
2015     14     0.00004
2015     15     0.00018
2015     16     0.00207
2015     17     0.00411
2015     18     0.00707
2015     19     0.01235
2015     20     0.01795
2015     21     0.02201
2015     22     0.02789
2015     23     0.03433
2015     24     0.04128
2015     25     0.04977
2015     26     0.05896
2015     27     0.06859
2015     28     0.07843
2015     29     0.08501
2015     30     0.09177
2015     31     0.09598
2015     32     0.09544
2015     33     0.09381
2015     34     0.08836
2015     35     0.08179
2015     36     0.07232
2015     37     0.06099
2015     38     0.05100
2015     39     0.03985
2015     40     0.03025
2015     41     0.02115
2015     42     0.01378
2015     43     0.00824
2015     44     0.00467
2015     45     0.00263
2015     46     0.00152
2015     47     0.00094
2015     48     0.00040
2015     49     0.00033
2015     50     0.00021
2015     51     0.00015
2015     52     0.00006
2015     53     0.00007
2015     54     0.00003
2015     55+    0.00008
2016     12-    0.00000
2016     13     0.00000
2016     14     0.00004
2016     15     0.00016
2016     16     0.00180
2016     17     0.00358
2016     18     0.00695
2016     19     0.01186
2016     20     0.01658
2016     21     0.02173
2016     22     0.02694
2016     23     0.03333
2016     24     0.03972
2016     25     0.04779
2016     26     0.05760
2016     27     0.06623
2016     28     0.07640
2016     29     0.08586
2016     30     0.09111
2016     31     0.09581
2016     32     0.09578
2016     33     0.09413
2016     34     0.08943
2016     35     0.08242
2016     36     0.07306
2016     37     0.06168
2016     38     0.05074
2016     39     0.04034
2016     40     0.03089
2016     41     0.02115
2016     42     0.01430
2016     43     0.00878
2016     44     0.00478
2016     45     0.00291
2016     46     0.00172
2016     47     0.00089
2016     48     0.00059
2016     49     0.00035
2016     50     0.00027
2016     51     0.00015
2016     52     0.00010
2016     53     0.00005
2016     54     0.00004
2016     55+    0.00008
2017     12-    0.00000
2017     13     0.00000
2017     14     0.00002
2017     15     0.00015
2017     16     0.00156
2017     17     0.00327
2017     18     0.00601
2017     19     0.01108
2017     20     0.01549
2017     21     0.02065
2017     22     0.02602
2017     23     0.03155
2017     24     0.03851
2017     25     0.04673
2017     26     0.05566
2017     27     0.06538
2017     28     0.07432
2017     29     0.08329
2017     30     0.09067
2017     31     0.09375
2017     32     0.09439
2017     33     0.09185
2017     34     0.08780
2017     35     0.08262
2017     36     0.07317
2017     37     0.06293
2017     38     0.05110
2017     39     0.04118
2017     40     0.03161
2017     41     0.02158
2017     42     0.01413
2017     43     0.00899
2017     44     0.00515
2017     45     0.00322
2017     46     0.00169
2017     47     0.00108
2017     48     0.00066
2017     49     0.00039
2017     50     0.00026
2017     51     0.00018
2017     52     0.00009
2017     53     0.00007
2017     54     0.00006
2017     55+    0.00008
2018     12-    0.00000
2018     13     0.00000
2018     14     0.00003
2018     15     0.00011
2018     16     0.00133
2018     17     0.00293
2018     18     0.00544
2018     19     0.01083
2018     20     0.01529
2018     21     0.01870
2018     22     0.02496
2018     23     0.02968
2018     24     0.03673
2018     25     0.04434
2018     26     0.05379
2018     27     0.06244
2018     28     0.07175
2018     29     0.07944
2018     30     0.08836
2018     31     0.09248
2018     32     0.09290
2018     33     0.09070
2018     34     0.08848
2018     35     0.08069
2018     36     0.07270
2018     37     0.06149
2018     38     0.05043
2018     39     0.04047
2018     40     0.03110
2018     41     0.02230
2018     42     0.01437
2018     43     0.00890
2018     44     0.00543
2018     45     0.00305
2018     46     0.00202
2018     47     0.00115
2018     48     0.00060
2018     49     0.00042
2018     50     0.00029
2018     51     0.00020
2018     52     0.00011
2018     53     0.00006
2018     54     0.00005
2018     55+    0.00011
2019     12-    0.00000
2019     13     0.00000
2019     14     0.00001
2019     15     0.00011
2019     16     0.00133
2019     17     0.00251
2019     18     0.00510
2019     19     0.00923
2019     20     0.01379
2019     21     0.01842
2019     22     0.02297
2019     23     0.02817
2019     24     0.03440
2019     25     0.04200
2019     26     0.05082
2019     27     0.06033
2019     28     0.06915
2019     29     0.07796
2019     30     0.08433
2019     31     0.09051
2019     32     0.09079
2019     33     0.08891
2019     34     0.08522
2019     35     0.08008
2019     36     0.07141
2019     37     0.06145
2019     38     0.04967
2019     39     0.04033
2019     40     0.03047
2019     41     0.02173
2019     42     0.01433
2019     43     0.00865
2019     44     0.00532
2019     45     0.00319
2019     46     0.00189
2019     47     0.00110
2019     48     0.00072
2019     49     0.00046
2019     50     0.00036
2019     51     0.00025
2019     52     0.00009
2019     53     0.00008
2019     54     0.00003
2019     55+    0.00009